{
  "accessors": [
    {
      "bufferView": 0,
      "byteOffset": 0,
      "componentType": 5126,
      "count": 2830,
      "max": [
        1.474338,
        3.111463,
        0.500849
      ],
      "min": [
        -1.398219,
        -0.014904,
        -0.50085
      ],
      "type": "VEC3"
    },
    {
      "bufferView": 0,
      "byteOffset": 33960,
      "componentType": 5126,
      "count": 2830,
      "max": [
        0.999981150532967,
        0.9999576692217239,
        0.9999841503768238
      ],
      "min": [
        -0.999981150532967,
        -1,
        -0.9995910187150452
      ],
      "type": "VEC3"
    },
    {
      "bufferView": 0,
      "byteOffset": 67920,
      "componentType": 5126,
      "count": 2830,
      "max": [
        0.976819,
        1
      ],
      "min": [
        0,
        0.04195899999999997
      ],
      "type": "VEC2"
    },
    {
      "bufferView": 0,
      "byteOffset": 90560,
      "componentType": 5123,
      "count": 2830,
      "max": [
        21,
        21,
        21,
        21
      ],
      "min": [
        0,
        0,
        0,
        0
      ],
      "type": "VEC4"
    },
    {
      "bufferView": 0,
      "byteOffset": 113200,
      "componentType": 5126,
      "count": 2830,
      "max": [
        1.0000001192092896,
        0.999854288995266,
        0.9732428789138794,
        0.6080856919288635
      ],
      "min": [
        0,
        0,
        0,
        0
      ],
      "type": "VEC4"
    },
    {
      "bufferView": 3,
      "byteOffset": 0,
      "componentType": 5123,
      "count": 8811,
      "max": [
        2829
      ],
      "min": [
        0
      ],
      "type": "SCALAR"
    },
    {
      "bufferView": 1,
      "byteOffset": 0,
      "componentType": 5126,
      "count": 22,
      "max": [
        1,
        0.9949346479202581,
        0.31986906857237,
        0,
        0.13115650798951747,
        1,
        0.9929401457948425,
        0,
        0.9929828138917376,
        0.9971804309075314,
        1,
        0,
        0.29586448412167543,
        1.0132089115111018,
        1.7636819674351745,
        1
      ],
      "min": [
        -0.9976574504739909,
        -0.9949243239452776,
        -0.3263933270910816,
        0,
        -0.12859116228561185,
        -0.9916316048072268,
        -0.9897017673148122,
        0,
        -0.9947967863956491,
        -0.16173815904005379,
        -0.014670191315571351,
        0,
        -0.2527139549646653,
        -2.0161404614066356,
        -0.22147074826867238,
        1
      ],
      "type": "MAT4"
    },
    {
      "bufferView": 2,
      "byteOffset": 0,
      "componentType": 5126,
      "count": 333,
      "max": [
        16.6
      ],
      "min": [
        0
      ],
      "type": "SCALAR"
    },
    {
      "bufferView": 2,
      "byteOffset": 1332,
      "componentType": 5126,
      "count": 333,
      "max": [
        0.11512841284275055,
        1.1247849464416504,
        0.06916790455579758
      ],
      "min": [
        -0.02170630544424057,
        1.1038382053375244,
        0.01090183574706316
      ],
      "type": "VEC3"
    },
    {
      "bufferView": 2,
      "byteOffset": 5328,
      "componentType": 5126,
      "count": 333,
      "max": [
        -0.003066223999013045,
        0.006067436329840617,
        0.04212093524061741,
        0.9994569924040899
      ],
      "min": [
        -0.04734154033105938,
        -0.14287734847278444,
        -0.07732935560441546,
        0.9886444810163297
      ],
      "type": "VEC4"
    },
    {
      "bufferView": 2,
      "byteOffset": 10656,
      "componentType": 5126,
      "count": 333,
      "max": [
        -0.027666633636754843,
        0.004537552729610038,
        0.07708947322406821,
        0.9992805100899943
      ],
      "min": [
        -0.10123074509485695,
        -0.013040006498059323,
        -0.05576062352249889,
        0.9933163953609285
      ],
      "type": "VEC4"
    },
    {
      "bufferView": 2,
      "byteOffset": 15984,
      "componentType": 5126,
      "count": 333,
      "max": [
        0.023279793693574476,
        -0.0007428796621724049,
        0.024988014022114553,
        0.9999880615566057
      ],
      "min": [
        -0.05735708022193058,
        -0.019355498596389124,
        -0.021875539970349897,
        0.9980853846824412
      ],
      "type": "VEC4"
    },
    {
      "bufferView": 2,
      "byteOffset": 21312,
      "componentType": 5126,
      "count": 333,
      "max": [
        0.023673132251015104,
        -0.0013444715077848175,
        0.024204776291365557,
        0.9999881767636962
      ],
      "min": [
        -0.05732226460536114,
        -0.018534852350462348,
        -0.021643851781511878,
        0.9980925188804625
      ],
      "type": "VEC4"
    },
    {
      "bufferView": 2,
      "byteOffset": 26640,
      "componentType": 5126,
      "count": 333,
      "max": [
        0.12223259958442584,
        0.010599857441347003,
        0.03188780877652378,
        0.9956396291405736
      ],
      "min": [
        0.08666737624720505,
        -0.002104588960468487,
        -0.05697416770218719,
        0.9920167450655376
      ],
      "type": "VEC4"
    },
    {
      "bufferView": 2,
      "byteOffset": 31968,
      "componentType": 5126,
      "count": 333,
      "max": [
        -0.02463489062274023,
        0.0229014517329986,
        0.014652463837221446,
        0.999671458961861
      ],
      "min": [
        -0.10494399887612597,
        -0.02174309944861874,
        -0.0018182954338437339,
        0.9941799317596556
      ],
      "type": "VEC4"
    },
    {
      "bufferView": 2,
      "byteOffset": 37296,
      "componentType": 5126,
      "count": 333,
      "max": [
        0.6574735484521254,
        0.37647364025838553,
        -0.5786641648414139,
        0.37746983104932996
      ],
      "min": [
        0.6059934669620004,
        0.31979692720323083,
        -0.5952525967695835,
        0.34852573476748105
      ],
      "type": "VEC4"
    },
    {
      "bufferView": 2,
      "byteOffset": 42624,
      "componentType": 5126,
      "count": 333,
      "max": [
        0.5098153228027872,
        0.016580088377851323,
        -0.08505513899380009,
        0.925095701033659
      ],
      "min": [
        0.3684199816112136,
        -0.03448714518348944,
        -0.2768392356389708,
        0.8146931356221885
      ],
      "type": "VEC4"
    },
    {
      "bufferView": 2,
      "byteOffset": 47952,
      "componentType": 5126,
      "count": 333,
      "max": [
        0.023857778731843127,
        -0.00003985430505489944,
        0.21179191762299987,
        0.9846650024209029
      ],
      "min": [
        0.01962594421936463,
        -0.0002184135197955898,
        0.17334824306523308,
        0.9770236958866456
      ],
      "type": "VEC4"
    },
    {
      "bufferView": 2,
      "byteOffset": 53280,
      "componentType": 5126,
      "count": 333,
      "max": [
        0.6316793719124913,
        -0.34484641011653955,
        0.6249619625687634,
        0.38993023812008676
      ],
      "min": [
        0.567408438474893,
        -0.40316538565274257,
        0.5878645666427624,
        0.3358935014952479
      ],
      "type": "VEC4"
    },
    {
      "bufferView": 2,
      "byteOffset": 58608,
      "componentType": 5126,
      "count": 333,
      "max": [
        0.47938396893613466,
        -0.07095930084326746,
        0.17693284482932364,
        0.9334312514140598
      ],
      "min": [
        0.34750969802315584,
        -0.12687533081845573,
        -0.0017076066576824241,
        0.8572585049203392
      ],
      "type": "VEC4"
    },
    {
      "bufferView": 2,
      "byteOffset": 63936,
      "componentType": 5126,
      "count": 331,
      "max": [
        16.566666666666666
      ],
      "min": [
        0.016666666666666666
      ],
      "type": "SCALAR"
    },
    {
      "bufferView": 2,
      "byteOffset": 65260,
      "componentType": 5126,
      "count": 331,
      "max": [
        0.03062924467374539,
        0.002182877850552375,
        -0.22839544873129017,
        0.9731699312724044
      ],
      "min": [
        0.02775087851274341,
        0.001977029478766329,
        -0.2528434087038331,
        0.967020141238863
      ],
      "type": "VEC4"
    },
    {
      "bufferView": 2,
      "byteOffset": 70556,
      "componentType": 5126,
      "count": 333,
      "max": [
        0.057418856031146534,
        0.09972855425804902,
        0.9993160828121374,
        0.1336638441809479
      ],
      "min": [
        0.004662635132142971,
        -0.034536957135717805,
        0.9849411899500985,
        -0.13870353175313468
      ],
      "type": "VEC4"
    },
    {
      "bufferView": 2,
      "byteOffset": 75884,
      "componentType": 5126,
      "count": 333,
      "max": [
        -0.08905832360261665,
        -0.00875939156338053,
        -0.031081207498468807,
        0.9914055752017439
      ],
      "min": [
        -0.37733004875513815,
        -0.09139209813817627,
        -0.0746406347096756,
        0.9231518557450679
      ],
      "type": "VEC4"
    },
    {
      "bufferView": 2,
      "byteOffset": 81212,
      "componentType": 5126,
      "count": 332,
      "max": [
        16.55
      ],
      "min": [
        0
      ],
      "type": "SCALAR"
    },
    {
      "bufferView": 2,
      "byteOffset": 82540,
      "componentType": 5126,
      "count": 332,
      "max": [
        0.5779605178998424,
        0.0037677289799871424,
        0.19597548045615173,
        0.8732548142075119
      ],
      "min": [
        0.4658486601810615,
        -0.12456270643207387,
        0.02449652167443704,
        0.8156387835222189
      ],
      "type": "VEC4"
    },
    {
      "bufferView": 2,
      "byteOffset": 87852,
      "componentType": 5126,
      "count": 283,
      "max": [
        16.55
      ],
      "min": [
        0
      ],
      "type": "SCALAR"
    },
    {
      "bufferView": 2,
      "byteOffset": 88984,
      "componentType": 5126,
      "count": 283,
      "max": [
        0.42882939591646524,
        0.03663706989268407,
        -0.016926984199982714,
        0.9140388780999547
      ],
      "min": [
        0.4035396010079939,
        0.020610851400822354,
        -0.024311359219856794,
        0.9028272362417289
      ],
      "type": "VEC4"
    },
    {
      "bufferView": 2,
      "byteOffset": 93512,
      "componentType": 5126,
      "count": 333,
      "max": [
        -0.03510406911761086,
        0.12331102567800989,
        0.9986769495823139,
        0.13263875947063913
      ],
      "min": [
        -0.06697194731053191,
        -0.053596006210666,
        0.9829436412781545,
        -0.08591337090242422
      ],
      "type": "VEC4"
    },
    {
      "bufferView": 2,
      "byteOffset": 98840,
      "componentType": 5126,
      "count": 332,
      "max": [
        -0.06585632154287692,
        0.07524408846539103,
        0.06296619543517938,
        0.9958049908234273
      ],
      "min": [
        -0.33007050466993304,
        -0.06998562734499222,
        0.004021113527573221,
        0.94117280157799
      ],
      "type": "VEC4"
    },
    {
      "bufferView": 2,
      "byteOffset": 104152,
      "componentType": 5126,
      "count": 332,
      "max": [
        0.5257467620150538,
        -0.023226849034814034,
        0.029777508708063262,
        0.9109387709638449
      ],
      "min": [
        0.40576110094537465,
        -0.05681354684025841,
        -0.09854321485988922,
        0.8500631221865922
      ],
      "type": "VEC4"
    },
    {
      "bufferView": 2,
      "byteOffset": 109464,
      "componentType": 5126,
      "count": 233,
      "max": [
        16.6
      ],
      "min": [
        0.35
      ],
      "type": "SCALAR"
    },
    {
      "bufferView": 2,
      "byteOffset": 110396,
      "componentType": 5126,
      "count": 233,
      "max": [
        0.4423135449198139,
        -0.03614942128399028,
        0.01717335941785255,
        0.9024362799107211
      ],
      "min": [
        0.4289551034942901,
        -0.03631938365331358,
        0.015724448210253813,
        0.8959868146797666
      ],
      "type": "VEC4"
    }
  ],
  "animations": [
    {
      "channels": [
        {
          "sampler": 0,
          "target": {
            "node": 1,
            "path": "rotation"
          }
        },
        {
          "sampler": 1,
          "target": {
            "node": 1,
            "path": "translation"
          }
        },
        {
          "sampler": 2,
          "target": {
            "node": 2,
            "path": "rotation"
          }
        },
        {
          "sampler": 3,
          "target": {
            "node": 3,
            "path": "rotation"
          }
        },
        {
          "sampler": 4,
          "target": {
            "node": 4,
            "path": "rotation"
          }
        },
        {
          "sampler": 5,
          "target": {
            "node": 5,
            "path": "rotation"
          }
        },
        {
          "sampler": 6,
          "target": {
            "node": 6,
            "path": "rotation"
          }
        },
        {
          "sampler": 7,
          "target": {
            "node": 8,
            "path": "rotation"
          }
        },
        {
          "sampler": 8,
          "target": {
            "node": 9,
            "path": "rotation"
          }
        },
        {
          "sampler": 9,
          "target": {
            "node": 10,
            "path": "rotation"
          }
        },
        {
          "sampler": 10,
          "target": {
            "node": 12,
            "path": "rotation"
          }
        },
        {
          "sampler": 11,
          "target": {
            "node": 13,
            "path": "rotation"
          }
        },
        {
          "sampler": 12,
          "target": {
            "node": 14,
            "path": "rotation"
          }
        },
        {
          "sampler": 13,
          "target": {
            "node": 16,
            "path": "rotation"
          }
        },
        {
          "sampler": 14,
          "target": {
            "node": 17,
            "path": "rotation"
          }
        },
        {
          "sampler": 15,
          "target": {
            "node": 18,
            "path": "rotation"
          }
        },
        {
          "sampler": 16,
          "target": {
            "node": 19,
            "path": "rotation"
          }
        },
        {
          "sampler": 17,
          "target": {
            "node": 21,
            "path": "rotation"
          }
        },
        {
          "sampler": 18,
          "target": {
            "node": 22,
            "path": "rotation"
          }
        },
        {
          "sampler": 19,
          "target": {
            "node": 23,
            "path": "rotation"
          }
        },
        {
          "sampler": 20,
          "target": {
            "node": 24,
            "path": "rotation"
          }
        }
      ],
      "name": "mixamo.com",
      "samplers": [
        {
          "input": 7,
          "interpolation": "LINEAR",
          "output": 9
        },
        {
          "input": 7,
          "interpolation": "LINEAR",
          "output": 8
        },
        {
          "input": 7,
          "interpolation": "LINEAR",
          "output": 10
        },
        {
          "input": 7,
          "interpolation": "LINEAR",
          "output": 11
        },
        {
          "input": 7,
          "interpolation": "LINEAR",
          "output": 12
        },
        {
          "input": 7,
          "interpolation": "LINEAR",
          "output": 13
        },
        {
          "input": 7,
          "interpolation": "LINEAR",
          "output": 14
        },
        {
          "input": 7,
          "interpolation": "LINEAR",
          "output": 15
        },
        {
          "input": 7,
          "interpolation": "LINEAR",
          "output": 16
        },
        {
          "input": 7,
          "interpolation": "LINEAR",
          "output": 17
        },
        {
          "input": 7,
          "interpolation": "LINEAR",
          "output": 18
        },
        {
          "input": 7,
          "interpolation": "LINEAR",
          "output": 19
        },
        {
          "input": 20,
          "interpolation": "LINEAR",
          "output": 21
        },
        {
          "input": 7,
          "interpolation": "LINEAR",
          "output": 22
        },
        {
          "input": 7,
          "interpolation": "LINEAR",
          "output": 23
        },
        {
          "input": 24,
          "interpolation": "LINEAR",
          "output": 25
        },
        {
          "input": 26,
          "interpolation": "LINEAR",
          "output": 27
        },
        {
          "input": 7,
          "interpolation": "LINEAR",
          "output": 28
        },
        {
          "input": 24,
          "interpolation": "LINEAR",
          "output": 29
        },
        {
          "input": 24,
          "interpolation": "LINEAR",
          "output": 30
        },
        {
          "input": 31,
          "interpolation": "LINEAR",
          "output": 32
        }
      ]
    }
  ],
  "asset": {
    "generator": "ClayGL - fbx2gltf",
    "version": "2.0"
  },
  "bufferViews": [
    {
      "buffer": 0,
      "byteLength": 158480,
      "byteOffset": 0,
      "target": 34962
    },
    {
      "buffer": 0,
      "byteLength": 1408,
      "byteOffset": 158480,
      "target": 34962
    },
    {
      "buffer": 0,
      "byteLength": 114124,
      "byteOffset": 159888,
      "target": 34962
    },
    {
      "buffer": 0,
      "byteLength": 17622,
      "byteOffset": 274012,
      "target": 34963
    }
  ],
  "buffers": [
    {
      "byteLength": 291634,
      "uri": "Idle.bin"
    }
  ],
  "materials": [
    {
      "name": "DEFAULT_MAT_0",
      "emissiveFactor": [
        0,
        0,
        0
      ],
      "alphaMode": "OPAQUE",
      "pbrMetallicRoughness": {
        "baseColorFactor": [
          0.8,
          0.8,
          0.8,
          1
        ],
        "metallicFactor": 0,
        "roughnessFactor": 1
      }
    }
  ],
  "meshes": [
    {
      "name": "Charactermesh",
      "primitives": [
        {
          "attributes": {
            "JOINTS_0": 3,
            "NORMAL": 1,
            "POSITION": 0,
            "TEXCOORD_0": 2,
            "WEIGHTS_0": 4
          },
          "indices": 5,
          "material": 0
        }
      ]
    }
  ],
  "nodes": [
    {
      "matrix": [
        1,
        0,
        0,
        0,
        0,
        1,
        0,
        0,
        0,
        0,
        1,
        0,
        0,
        0,
        0,
        1
      ],
      "mesh": 0,
      "name": "Character",
      "skin": 0
    },
    {
      "children": [
        2,
        16,
        21
      ],
      "matrix": [
        0.9877366315952097,
        -0.14560837016242403,
        0.05634313750219585,
        0,
        0.148951351609544,
        0.9869898884347085,
        -0.06053474193660543,
        0,
        -0.046795741885761674,
        0.06818476857982239,
        0.9965746313623868,
        0,
        0.0009377887472510338,
        1.1109598875045776,
        0.03523067384958267,
        1
      ],
      "name": "mixamorig:Hips"
    },
    {
      "children": [
        3
      ],
      "matrix": [
        0.9882830903518482,
        0.15243823614128973,
        0.007688789679327707,
        0,
        -0.1490310833504499,
        0.9746197753247455,
        -0.1670509794683461,
        0,
        -0.03295860312561508,
        0.16394778957971629,
        0.9859182789521317,
        0,
        -2.7755575615628914e-17,
        0.14596092700958274,
        -0.014907449483871474,
        1
      ],
      "name": "mixamorig:Spine"
    },
    {
      "children": [
        4
      ],
      "matrix": [
        0.9989657517244465,
        0.04481172056852612,
        0.007703024165891699,
        0,
        -0.045006638083707154,
        0.9986127332755791,
        0.027331510537838277,
        0,
        -0.006467566003851587,
        -0.027649930190980637,
        0.9995967446677789,
        0,
        0,
        0.17117345333099365,
        0,
        1
      ],
      "name": "mixamorig:Spine1"
    },
    {
      "children": [
        5,
        8,
        12
      ],
      "matrix": [
        0.9989900880398088,
        0.04348990757567402,
        0.011288575520163838,
        0,
        -0.04379002962717103,
        0.9986521821788338,
        0.02786130533024503,
        0,
        -0.010061674983152191,
        -0.028327494921241952,
        0.9995480557372016,
        0,
        0,
        0.1956270486116407,
        0,
        1
      ],
      "name": "mixamorig:Spine2"
    },
    {
      "children": [
        6
      ],
      "matrix": [
        0.9941993285910101,
        -0.1066473588132143,
        -0.013929676498429952,
        0,
        0.10734368573724726,
        0.9758247057988021,
        0.19037719581143428,
        0,
        -0.006710302640602676,
        -0.1907681430712361,
        0.9816121878968415,
        0,
        -2.7755575615628914e-17,
        0.2200801521539688,
        -6.86942377980948e-9,
        1
      ],
      "name": "mixamorig:Neck"
    },
    {
      "children": [
        7
      ],
      "matrix": [
        0.9997253314441678,
        0.011323264788789488,
        0.02051938944929351,
        0,
        -0.007541435907650102,
        0.984397691021008,
        -0.17579622480860904,
        0,
        -0.02218982679742279,
        0.1755931934530241,
        0.9842127016045207,
        0,
        6.938893903907228e-18,
        0.16799998283386253,
        0.00901730358600615,
        1
      ],
      "name": "mixamorig:Head"
    },
    {
      "matrix": [
        1,
        0,
        1.3877787807814457e-17,
        0,
        1.734723475976807e-18,
        0.9999999999999999,
        0,
        0,
        1.3877787807814457e-17,
        -2.7755575615628914e-17,
        1,
        0,
        3.469446951953614e-17,
        1.0664684772491453,
        0.0572420842945576,
        1
      ],
      "name": "mixamorig:HeadTop_End"
    },
    {
      "children": [
        9
      ],
      "matrix": [
        0.08695904579811799,
        0.011392378870478587,
        -0.9961467452426641,
        0,
        0.8682271981724197,
        -0.49117920786431046,
        0.0701749108689067,
        0,
        -0.48848711007308165,
        -0.870984040878741,
        -0.052603648418990165,
        0,
        0.09126447141170502,
        0.18834078311920166,
        -0.00046306106378327105,
        1
      ],
      "name": "mixamorig:LeftShoulder"
    },
    {
      "children": [
        10
      ],
      "matrix": [
        0.9562724762399321,
        -0.27939361808515606,
        -0.08649946450258747,
        0,
        0.2169323396996155,
        0.47917993594521013,
        0.8504863014652233,
        0,
        -0.1961716370385866,
        -0.8320611727276002,
        0.5188360951791721,
        0,
        -2.7755575615628914e-17,
        0.19215947389602672,
        0,
        1
      ],
      "name": "mixamorig:LeftArm"
    },
    {
      "children": [
        11
      ],
      "matrix": [
        0.9300921267360626,
        0.36723663965013537,
        0.008117036532250398,
        0,
        -0.3672470304340542,
        0.9292051086595787,
        0.04132172162809447,
        0,
        0.0076324583823161665,
        -0.041413965511863625,
        0.999112921065294,
        0,
        -2.7755575615628914e-17,
        0.32718896865844727,
        2.220446049250313e-16,
        1
      ],
      "name": "mixamorig:LeftForeArm"
    },
    {
      "matrix": [
        1,
        -1.1102230246251565e-16,
        0,
        0,
        0,
        1,
        2.0816681711721685e-17,
        0,
        6.938893903907228e-18,
        -3.469446951953614e-18,
        0.9999999999999999,
        0,
        0,
        0.3765436410903932,
        0,
        1
      ],
      "name": "mixamorig:LeftHand"
    },
    {
      "children": [
        13
      ],
      "matrix": [
        -0.01514846242021737,
        -0.024586414985268895,
        0.9995829291681987,
        0,
        -0.8664197707737886,
        -0.4986700538089201,
        -0.025396028163963375,
        0,
        0.4990864703622001,
        -0.866443123137567,
        -0.013748071465473632,
        0,
        -0.09126447141170504,
        0.18890249729156472,
        -0.005962867289781598,
        1
      ],
      "name": "mixamorig:RightShoulder"
    },
    {
      "children": [
        14
      ],
      "matrix": [
        0.9779359567159822,
        0.08109270107615416,
        0.19252334506279997,
        0,
        -0.19330643466369213,
        0.7006954391785524,
        0.6867739976382239,
        0,
        -0.0792078713235507,
        -0.708836987851614,
        0.7009110056018828,
        0,
        -8.326672684688674e-17,
        0.1921594589948653,
        0,
        1
      ],
      "name": "mixamorig:RightArm"
    },
    {
      "children": [
        15
      ],
      "matrix": [
        0.8856186338375442,
        -0.46407251868694716,
        -0.01778574708227888,
        0,
        0.4643066569806491,
        0.8839455277351945,
        0.05531394291138095,
        0,
        -0.009948049214580916,
        -0.05724509932302127,
        0.9983105904077756,
        0,
        0,
        0.32621556520462036,
        -1.1102230246251565e-16,
        1
      ],
      "name": "mixamorig:RightForeArm"
    },
    {
      "matrix": [
        0.9999999999999999,
        -1.1102230246251565e-16,
        1.3877787807814457e-17,
        0,
        -1.1102230246251565e-16,
        1,
        2.0816681711721685e-17,
        0,
        -3.469446951953614e-18,
        2.6020852139652106e-17,
        0.9999999999999999,
        0,
        0,
        0.37654754519462597,
        -2.220446049250313e-16,
        1
      ],
      "name": "mixamorig:RightHand"
    },
    {
      "children": [
        17
      ],
      "matrix": [
        -0.9672643091670585,
        -0.21731957261557722,
        0.13104182374248236,
        0,
        0.23488444214940266,
        -0.9621607199754649,
        0.13811606630822837,
        0,
        0.09606797097751585,
        0.1643744271304935,
        0.9817087106967043,
        0,
        0.14006437361240387,
        -0.08018374443054199,
        -0.020978547632694258,
        1
      ],
      "name": "mixamorig:LeftUpLeg"
    },
    {
      "children": [
        18
      ],
      "matrix": [
        0.9887194013512091,
        -0.020249689280755184,
        0.14840449951312004,
        0,
        0.11463659064954766,
        0.7399915407805124,
        -0.6627752044679491,
        0,
        -0.09639708230000943,
        0.6723112892532126,
        0.7339653485463252,
        0,
        5.551115123125783e-17,
        0.3929668664932251,
        0,
        1
      ],
      "name": "mixamorig:LeftLeg"
    },
    {
      "children": [
        19
      ],
      "matrix": [
        0.9984847950869032,
        0.047867584312952044,
        0.02714421397476055,
        0,
        -0.04168551248476621,
        0.3359421313863146,
        0.9409597241160228,
        0,
        0.035922583831728416,
        -0.9406654977895497,
        0.33742849500181515,
        0,
        2.7755575615628914e-17,
        0.27555847167968733,
        0,
        1
      ],
      "name": "mixamorig:LeftFoot"
    },
    {
      "children": [
        20
      ],
      "matrix": [
        0.9967307966802851,
        -0.000784591056257361,
        -0.0807904905663967,
        0,
        0.06193952113258461,
        0.6494764934455346,
        0.7578547223469411,
        0,
        0.05187691847971189,
        -0.7603812654705314,
        0.6474018199313949,
        0,
        -2.7755575615628914e-17,
        0.5121996998786926,
        -1.1102230246251565e-16,
        1
      ],
      "name": "mixamorig:LeftToeBase"
    },
    {
      "matrix": [
        1.0000000000000002,
        2.7755575615628914e-17,
        -1.8648277366750676e-17,
        0,
        -2.7755575615628914e-17,
        1.0000000000000002,
        3.469446951953614e-18,
        0,
        -1.3877787807814457e-17,
        3.469446951953614e-18,
        1.0000000000000004,
        0,
        5.551115123125783e-17,
        0.1577834784984588,
        0,
        1
      ],
      "name": "mixamorig:LeftToe_End"
    },
    {
      "children": [
        22
      ],
      "matrix": [
        -0.9834354215291428,
        -0.13922279931394382,
        -0.11606801382373409,
        0,
        0.15057646692555252,
        -0.9839691511264509,
        -0.09555855398502808,
        0,
        -0.10090341565088454,
        -0.11145277826362554,
        0.9886337941458929,
        0,
        -0.14006437361240387,
        -0.08018374443054177,
        -0.02945416420698166,
        1
      ],
      "name": "mixamorig:RightUpLeg"
    },
    {
      "children": [
        23
      ],
      "matrix": [
        0.990558934993001,
        0.07820796118203041,
        -0.11259001338165972,
        0,
        -0.09314848416233373,
        0.986563805319932,
        -0.13422078054800096,
        0,
        0.10058009844791241,
        0.1434411825118756,
        0.9845345453338873,
        0,
        -5.551115123125783e-17,
        0.3916114866733552,
        -8.673617379884035e-19,
        1
      ],
      "name": "mixamorig:RightLeg"
    },
    {
      "children": [
        24
      ],
      "matrix": [
        0.9875316423319361,
        -0.15281674758126496,
        0.03779281746407856,
        0,
        0.07006886435462831,
        0.6416832790507584,
        0.7637623476152242,
        0,
        -0.14096669692250685,
        -0.7515913856912885,
        0.6443902383753248,
        0,
        5.551115123125783e-17,
        0.2749016880989075,
        -1.3877787807814457e-17,
        1
      ],
      "name": "mixamorig:RightFoot"
    },
    {
      "children": [
        25
      ],
      "matrix": [
        0.9968075715422432,
        -0.001205892853158419,
        0.07983239404203392,
        0,
        -0.0615595120104811,
        0.6251284941654414,
        0.7780904781986978,
        0,
        -0.050843798019889225,
        -0.7805209232332435,
        0.623058581995336,
        0,
        0,
        0.5045897960662842,
        -1.1102230246251565e-16,
        1
      ],
      "name": "mixamorig:RightToeBase"
    },
    {
      "matrix": [
        1,
        5.551115123125783e-17,
        -4.336808689942018e-18,
        0,
        0,
        0.9999999999999999,
        -1.734723475976807e-18,
        0,
        -2.721347452938616e-17,
        -3.469446951953614e-18,
        1.0000000000000002,
        0,
        -2.7755575615628914e-17,
        0.15503916144371033,
        3.469446951953614e-18,
        1
      ],
      "name": "mixamorig:RightToe_End"
    }
  ],
  "scene": 0,
  "scenes": [
    {
      "nodes": [
        0,
        1
      ]
    }
  ],
  "skins": [
    {
      "inverseBindMatrices": 6,
      "joints": [
        8,
        4,
        9,
        10,
        11,
        1,
        2,
        3,
        12,
        13,
        21,
        5,
        16,
        6,
        14,
        15,
        22,
        23,
        24,
        17,
        18,
        19
      ]
    }
  ],
  "extras": {
    "clayViewerConfig": {
      "preZ": true,
      "materials": [
        {
          "name": "DEFAULT_MAT_0",
          "transparent": false,
          "color": "#cccccc",
          "emission": "#000000",
          "alpha": 1,
          "alphaCutoff": 0,
          "emissionIntensity": 1,
          "uvRepeat": {
            "0": 1,
            "1": 1
          },
          "parallaxOcclusionScale": 0.02,
          "diffuseMap": "",
          "normalMap": "",
          "parallaxOcclusionMap": "",
          "emissiveMap": "",
          "metalness": 0,
          "roughness": 1,
          "metalnessMap": "",
          "roughnessMap": "",
          "type": "pbrMetallicRoughness",
          "targetMeshes": [
            "Character",
            "Character"
          ]
        }
      ],
      "takes": [],
      "textureFlipY": false,
      "zUpToYUp": false,
      "shadow": true,
      "environment": "auto",
      "viewControl": {
        "center": [
          1.174740207039452,
          0.46802866813139454,
          2.509836180514267
        ],
        "alpha": -2.8663035333602127,
        "beta": 357.2239262084396,
        "distance": 18
      },
      "ground": {
        "show": true,
        "grid": false
      },
      "mainLight": {
        "shadow": true,
        "shadowQuality": "medium",
        "intensity": 0.8,
        "color": "#fff",
        "alpha": 45,
        "beta": 45,
        "$padAngle": [
          0.25,
          0.5
        ]
      },
      "secondaryLight": {
        "shadow": true,
        "shadowQuality": "medium",
        "intensity": 0,
        "color": "#fff",
        "alpha": 60,
        "beta": -50,
        "$padAngle": [
          -0.2777777777777778,
          0.6666666666666666
        ]
      },
      "tertiaryLight": {
        "shadow": true,
        "shadowQuality": "medium",
        "intensity": 0,
        "color": "#fff",
        "alpha": 89,
        "beta": 0,
        "$padAngle": [
          0,
          0.9888888888888889
        ]
      },
      "ambientLight": {
        "intensity": 0,
        "color": "#fff"
      },
      "ambientCubemapLight": {
        "texture": "./asset/texture/pisa.hdr",
        "$texture": "pisa",
        "$textureOptions": [
          "pisa",
          "Barce_Rooftop_C",
          "Factory_Catwalk",
          "Grand_Canyon_C",
          "Ice_Lake",
          "Hall",
          "Old_Industrial_Hall"
        ],
        "exposure": 3,
        "diffuseIntensity": 0.3,
        "specularIntensity": 0.5
      },
      "postEffect": {
        "enable": true,
        "bloom": {
          "enable": true,
          "intensity": 0.1
        },
        "depthOfField": {
          "enable": false,
          "focalDistance": 4,
          "focalRange": 1,
          "blurRadius": 5,
          "fstop": 10,
          "quality": "medium",
          "$qualityOptions": [
            "low",
            "medium",
            "high",
            "ultra"
          ]
        },
        "screenSpaceAmbientOcclusion": {
          "enable": false,
          "radius": 1.5,
          "quality": "medium",
          "intensity": 1,
          "$qualityOptions": [
            "low",
            "medium",
            "high",
            "ultra"
          ]
        },
        "screenSpaceReflection": {
          "enable": false,
          "physical": false,
          "quality": "medium",
          "maxRoughness": 0.8,
          "$qualityOptions": [
            "low",
            "medium",
            "high",
            "ultra"
          ]
        },
        "colorCorrection": {
          "enable": true,
          "exposure": 0,
          "brightness": 0,
          "contrast": 1,
          "saturation": 1,
          "lookupTexture": ""
        },
        "FXAA": {
          "enable": false
        }
      }
    }
  },
  "extensionsUsed": [
    "KHR_materials_pbrSpecularGlossiness"
  ]
}