{
  "accessors": [
    {
      "bufferView": 0,
      "byteOffset": 0,
      "componentType": 5126,
      "count": 2830,
      "max": [
        1.474338,
        3.111463,
        0.500849
      ],
      "min": [
        -1.398219,
        -0.014904,
        -0.50085
      ],
      "type": "VEC3"
    },
    {
      "bufferView": 0,
      "byteOffset": 33960,
      "componentType": 5126,
      "count": 2830,
      "max": [
        0.999981150532967,
        0.9999576692217239,
        0.9999841503768238
      ],
      "min": [
        -0.999981150532967,
        -1,
        -0.9995910187150452
      ],
      "type": "VEC3"
    },
    {
      "bufferView": 0,
      "byteOffset": 67920,
      "componentType": 5126,
      "count": 2830,
      "max": [
        0.976819,
        1
      ],
      "min": [
        0,
        0.04195899999999997
      ],
      "type": "VEC2"
    },
    {
      "bufferView": 0,
      "byteOffset": 90560,
      "componentType": 5123,
      "count": 2830,
      "max": [
        21,
        21,
        21,
        21
      ],
      "min": [
        0,
        0,
        0,
        0
      ],
      "type": "VEC4"
    },
    {
      "bufferView": 0,
      "byteOffset": 113200,
      "componentType": 5126,
      "count": 2830,
      "max": [
        1.0000001192092896,
        0.999854288995266,
        0.9732428789138794,
        0.6080856919288635
      ],
      "min": [
        0,
        0,
        0,
        0
      ],
      "type": "VEC4"
    },
    {
      "bufferView": 3,
      "byteOffset": 0,
      "componentType": 5123,
      "count": 8811,
      "max": [
        2829
      ],
      "min": [
        0
      ],
      "type": "SCALAR"
    },
    {
      "bufferView": 1,
      "byteOffset": 0,
      "componentType": 5126,
      "count": 22,
      "max": [
        1,
        0.9949346479202581,
        0.31986906857237,
        0,
        0.13115650798951747,
        1,
        0.9929401457948425,
        0,
        0.9929828138917376,
        0.9971804309075314,
        1,
        0,
        0.29586448412167543,
        1.0132089115111018,
        1.7636819674351745,
        1
      ],
      "min": [
        -0.9976574504739909,
        -0.9949243239452776,
        -0.3263933270910816,
        0,
        -0.12859116228561185,
        -0.9916316048072268,
        -0.9897017673148122,
        0,
        -0.9947967863956491,
        -0.16173815904005379,
        -0.014670191315571351,
        0,
        -0.2527139549646653,
        -2.0161404614066356,
        -0.22147074826867238,
        1
      ],
      "type": "MAT4"
    },
    {
      "bufferView": 2,
      "byteOffset": 0,
      "componentType": 5126,
      "count": 53,
      "max": [
        2.6
      ],
      "min": [
        0
      ],
      "type": "SCALAR"
    },
    {
      "bufferView": 2,
      "byteOffset": 212,
      "componentType": 5126,
      "count": 53,
      "max": [
        0.04742084816098213,
        1.1133924722671509,
        0.09536756575107574
      ],
      "min": [
        -0.05477280169725418,
        0.9623681306838989,
        -0.009709486737847328
      ],
      "type": "VEC3"
    },
    {
      "bufferView": 2,
      "byteOffset": 848,
      "componentType": 5126,
      "count": 53,
      "max": [
        -0.017517217458952565,
        0.07407893918574258,
        0.12783429440103344,
        0.9990617987375442
      ],
      "min": [
        -0.05925863570736513,
        -0.03295752174495791,
        -0.0998321833586631,
        0.988909195149894
      ],
      "type": "VEC4"
    },
    {
      "bufferView": 2,
      "byteOffset": 1696,
      "componentType": 5126,
      "count": 53,
      "max": [
        -0.005478442833172592,
        0.1272873617952012,
        0.09464413544597788,
        0.9980610809482321
      ],
      "min": [
        -0.09754490742502851,
        -0.09136239075858045,
        -0.10237515259259004,
        0.9852076737369037
      ],
      "type": "VEC4"
    },
    {
      "bufferView": 2,
      "byteOffset": 2544,
      "componentType": 5126,
      "count": 53,
      "max": [
        0.08435069598185216,
        0.025815958870509848,
        0.05759548047046693,
        0.9994795655111008
      ],
      "min": [
        0.031365384755858344,
        -0.022694661997643004,
        -0.024103023293618953,
        0.99522199985903
      ],
      "type": "VEC4"
    },
    {
      "bufferView": 2,
      "byteOffset": 3392,
      "componentType": 5126,
      "count": 53,
      "max": [
        0.08550356209219521,
        0.025163401800372673,
        0.05604833613883119,
        0.9994796023217768
      ],
      "min": [
        0.03137215280224407,
        -0.022604647490054634,
        -0.0223547525012121,
        0.9952238328030516
      ],
      "type": "VEC4"
    },
    {
      "bufferView": 2,
      "byteOffset": 4240,
      "componentType": 5126,
      "count": 53,
      "max": [
        0.13216962899891702,
        0.011877132912676822,
        0.002203946829494001,
        0.9979931364904413
      ],
      "min": [
        0.06276175563121912,
        -0.021388681431205054,
        -0.03333074873977092,
        0.9910025961974739
      ],
      "type": "VEC4"
    },
    {
      "bufferView": 2,
      "byteOffset": 5088,
      "componentType": 5126,
      "count": 53,
      "max": [
        -0.021829222615594408,
        0.061910722912270164,
        0.007438347146954458,
        0.9997472178360042
      ],
      "min": [
        -0.09647851482955967,
        -0.1276749729637203,
        -0.04794088181800489,
        0.9896356906052391
      ],
      "type": "VEC4"
    },
    {
      "bufferView": 2,
      "byteOffset": 5936,
      "componentType": 5126,
      "count": 53,
      "max": [
        0.6954437569439789,
        0.3721465568425297,
        -0.49142553638092684,
        0.42397192344307116
      ],
      "min": [
        0.6588547146863571,
        0.3292566534773922,
        -0.5190589796780436,
        0.3780624802985078
      ],
      "type": "VEC4"
    },
    {
      "bufferView": 2,
      "byteOffset": 6784,
      "componentType": 5126,
      "count": 53,
      "max": [
        0.4531322541353521,
        0.15885838566710792,
        0.2632986771838296,
        0.9560010453790404
      ],
      "min": [
        0.15453023924016224,
        0.012499403532813102,
        -0.13965615134920062,
        0.886349818377379
      ],
      "type": "VEC4"
    },
    {
      "bufferView": 2,
      "byteOffset": 7632,
      "componentType": 5126,
      "count": 53,
      "max": [
        0.026548062839673068,
        -0.000058539684801092436,
        0.23526167877572182,
        0.9994517696631501
      ],
      "min": [
        0.0037468414351198697,
        -0.00023314303490035347,
        0.03289544980338335,
        0.9715694139999952
      ],
      "type": "VEC4"
    },
    {
      "bufferView": 2,
      "byteOffset": 8480,
      "componentType": 5126,
      "count": 53,
      "max": [
        0.5957135196072721,
        -0.3826258480957323,
        0.6253783163929804,
        0.37395341719914643
      ],
      "min": [
        0.5530665075810985,
        -0.4236240665783318,
        0.6065473772432416,
        0.3390896995029453
      ],
      "type": "VEC4"
    },
    {
      "bufferView": 2,
      "byteOffset": 9328,
      "componentType": 5126,
      "count": 53,
      "max": [
        0.3482587134656369,
        -0.18803213219554607,
        0.05566684032863087,
        0.9417284841372827
      ],
      "min": [
        0.12242272546454379,
        -0.35230488792301157,
        -0.2652295810180858,
        0.8603955149888165
      ],
      "type": "VEC4"
    },
    {
      "bufferView": 2,
      "byteOffset": 10176,
      "componentType": 5126,
      "count": 53,
      "max": [
        0.04038150506013506,
        0.0022264845564675603,
        -0.020557188468271013,
        0.9997832501390127
      ],
      "min": [
        0.0024284790038577165,
        0.002024838258323376,
        -0.3329049847110846,
        0.9420931443280017
      ],
      "type": "VEC4"
    },
    {
      "bufferView": 2,
      "byteOffset": 11024,
      "componentType": 5126,
      "count": 53,
      "max": [
        0.03673829539419814,
        0.338033570370472,
        0.9995909832215343,
        0.10851977023694265
      ],
      "min": [
        -0.060987683581719306,
        -0.1455144845085191,
        0.9375700889649653,
        -0.1992656316849174
      ],
      "type": "VEC4"
    },
    {
      "bufferView": 2,
      "byteOffset": 11872,
      "componentType": 5126,
      "count": 53,
      "max": [
        -0.16953564727083698,
        0.019393015818144548,
        0.19398450710085682,
        0.9848851613967198
      ],
      "min": [
        -0.7921023432753678,
        -0.11775241637578392,
        -0.19212325199223307,
        0.5810680695456385
      ],
      "type": "VEC4"
    },
    {
      "bufferView": 2,
      "byteOffset": 12720,
      "componentType": 5126,
      "count": 53,
      "max": [
        0.700987836839202,
        0.03966623442471971,
        0.18702874301322425,
        0.9546371681908218
      ],
      "min": [
        0.2977262777396839,
        -0.1241418072226459,
        -0.20281438481185549,
        0.7111870344968576
      ],
      "type": "VEC4"
    },
    {
      "bufferView": 2,
      "byteOffset": 13568,
      "componentType": 5126,
      "count": 46,
      "max": [
        2.6
      ],
      "min": [
        0
      ],
      "type": "SCALAR"
    },
    {
      "bufferView": 2,
      "byteOffset": 13752,
      "componentType": 5126,
      "count": 46,
      "max": [
        0.7485314260558825,
        0.037930633752826515,
        0.02776971747034458,
        0.9093835622550427
      ],
      "min": [
        0.4139572732668696,
        -0.08577845641958562,
        -0.0423566508343437,
        0.6614937520636156
      ],
      "type": "VEC4"
    },
    {
      "bufferView": 2,
      "byteOffset": 14488,
      "componentType": 5126,
      "count": 53,
      "max": [
        -0.06740518766866606,
        0.34015032559076885,
        0.988196995640267,
        0.16230852219506894
      ],
      "min": [
        -0.2082031277778749,
        -0.17917455753736164,
        0.9279462795754664,
        -0.061004259284787726
      ],
      "type": "VEC4"
    },
    {
      "bufferView": 2,
      "byteOffset": 15336,
      "componentType": 5126,
      "count": 53,
      "max": [
        -0.1155527471647045,
        0.2634962175513301,
        0.1474334915696618,
        0.9897451020094454
      ],
      "min": [
        -0.8111243188000524,
        -0.08219341354422732,
        -0.33606046181786947,
        0.5663295515447272
      ],
      "type": "VEC4"
    },
    {
      "bufferView": 2,
      "byteOffset": 16184,
      "componentType": 5126,
      "count": 53,
      "max": [
        0.7370795745951099,
        0.03354017736981538,
        -0.000823672029252071,
        0.9716978183362992
      ],
      "min": [
        0.23187681998998763,
        -0.11044852343461353,
        -0.2939722680959329,
        0.6667996918978717
      ],
      "type": "VEC4"
    },
    {
      "bufferView": 2,
      "byteOffset": 17032,
      "componentType": 5126,
      "count": 52,
      "max": [
        2.6
      ],
      "min": [
        0
      ],
      "type": "SCALAR"
    },
    {
      "bufferView": 2,
      "byteOffset": 17240,
      "componentType": 5126,
      "count": 52,
      "max": [
        0.8245036673380326,
        0.16930480019595076,
        0.05984108158260757,
        0.9029320018892489
      ],
      "min": [
        0.4279006868873806,
        -0.04643768435851144,
        -0.05274651519746857,
        0.5622821644870165
      ],
      "type": "VEC4"
    }
  ],
  "animations": [
    {
      "channels": [
        {
          "sampler": 0,
          "target": {
            "node": 1,
            "path": "rotation"
          }
        },
        {
          "sampler": 1,
          "target": {
            "node": 1,
            "path": "translation"
          }
        },
        {
          "sampler": 2,
          "target": {
            "node": 2,
            "path": "rotation"
          }
        },
        {
          "sampler": 3,
          "target": {
            "node": 3,
            "path": "rotation"
          }
        },
        {
          "sampler": 4,
          "target": {
            "node": 4,
            "path": "rotation"
          }
        },
        {
          "sampler": 5,
          "target": {
            "node": 5,
            "path": "rotation"
          }
        },
        {
          "sampler": 6,
          "target": {
            "node": 6,
            "path": "rotation"
          }
        },
        {
          "sampler": 7,
          "target": {
            "node": 8,
            "path": "rotation"
          }
        },
        {
          "sampler": 8,
          "target": {
            "node": 9,
            "path": "rotation"
          }
        },
        {
          "sampler": 9,
          "target": {
            "node": 10,
            "path": "rotation"
          }
        },
        {
          "sampler": 10,
          "target": {
            "node": 12,
            "path": "rotation"
          }
        },
        {
          "sampler": 11,
          "target": {
            "node": 13,
            "path": "rotation"
          }
        },
        {
          "sampler": 12,
          "target": {
            "node": 14,
            "path": "rotation"
          }
        },
        {
          "sampler": 13,
          "target": {
            "node": 16,
            "path": "rotation"
          }
        },
        {
          "sampler": 14,
          "target": {
            "node": 17,
            "path": "rotation"
          }
        },
        {
          "sampler": 15,
          "target": {
            "node": 18,
            "path": "rotation"
          }
        },
        {
          "sampler": 16,
          "target": {
            "node": 19,
            "path": "rotation"
          }
        },
        {
          "sampler": 17,
          "target": {
            "node": 21,
            "path": "rotation"
          }
        },
        {
          "sampler": 18,
          "target": {
            "node": 22,
            "path": "rotation"
          }
        },
        {
          "sampler": 19,
          "target": {
            "node": 23,
            "path": "rotation"
          }
        },
        {
          "sampler": 20,
          "target": {
            "node": 24,
            "path": "rotation"
          }
        }
      ],
      "name": "mixamo.com",
      "samplers": [
        {
          "input": 7,
          "interpolation": "LINEAR",
          "output": 9
        },
        {
          "input": 7,
          "interpolation": "LINEAR",
          "output": 8
        },
        {
          "input": 7,
          "interpolation": "LINEAR",
          "output": 10
        },
        {
          "input": 7,
          "interpolation": "LINEAR",
          "output": 11
        },
        {
          "input": 7,
          "interpolation": "LINEAR",
          "output": 12
        },
        {
          "input": 7,
          "interpolation": "LINEAR",
          "output": 13
        },
        {
          "input": 7,
          "interpolation": "LINEAR",
          "output": 14
        },
        {
          "input": 7,
          "interpolation": "LINEAR",
          "output": 15
        },
        {
          "input": 7,
          "interpolation": "LINEAR",
          "output": 16
        },
        {
          "input": 7,
          "interpolation": "LINEAR",
          "output": 17
        },
        {
          "input": 7,
          "interpolation": "LINEAR",
          "output": 18
        },
        {
          "input": 7,
          "interpolation": "LINEAR",
          "output": 19
        },
        {
          "input": 7,
          "interpolation": "LINEAR",
          "output": 20
        },
        {
          "input": 7,
          "interpolation": "LINEAR",
          "output": 21
        },
        {
          "input": 7,
          "interpolation": "LINEAR",
          "output": 22
        },
        {
          "input": 7,
          "interpolation": "LINEAR",
          "output": 23
        },
        {
          "input": 24,
          "interpolation": "LINEAR",
          "output": 25
        },
        {
          "input": 7,
          "interpolation": "LINEAR",
          "output": 26
        },
        {
          "input": 7,
          "interpolation": "LINEAR",
          "output": 27
        },
        {
          "input": 7,
          "interpolation": "LINEAR",
          "output": 28
        },
        {
          "input": 29,
          "interpolation": "LINEAR",
          "output": 30
        }
      ]
    }
  ],
  "asset": {
    "generator": "ClayGL - fbx2gltf",
    "version": "2.0"
  },
  "bufferViews": [
    {
      "buffer": 0,
      "byteLength": 158480,
      "byteOffset": 0,
      "target": 34962
    },
    {
      "buffer": 0,
      "byteLength": 1408,
      "byteOffset": 158480,
      "target": 34962
    },
    {
      "buffer": 0,
      "byteLength": 18072,
      "byteOffset": 159888,
      "target": 34962
    },
    {
      "buffer": 0,
      "byteLength": 17622,
      "byteOffset": 177960,
      "target": 34963
    }
  ],
  "buffers": [
    {
      "byteLength": 195582,
      "uri": "Walk.bin"
    }
  ],
  "materials": [
    {
      "name": "DEFAULT_MAT_0",
      "emissiveFactor": [
        0,
        0,
        0
      ],
      "alphaMode": "OPAQUE",
      "pbrMetallicRoughness": {
        "baseColorFactor": [
          0.8,
          0.8,
          0.8,
          1
        ],
        "metallicFactor": 0,
        "roughnessFactor": 1
      }
    }
  ],
  "meshes": [
    {
      "name": "Charactermesh",
      "primitives": [
        {
          "attributes": {
            "JOINTS_0": 3,
            "NORMAL": 1,
            "POSITION": 0,
            "TEXCOORD_0": 2,
            "WEIGHTS_0": 4
          },
          "indices": 5,
          "material": 0
        }
      ]
    }
  ],
  "nodes": [
    {
      "matrix": [
        1,
        0,
        0,
        0,
        0,
        1,
        0,
        0,
        0,
        0,
        1,
        0,
        0,
        0,
        0,
        1
      ],
      "mesh": 0,
      "name": "Character",
      "skin": 0
    },
    {
      "children": [
        2,
        16,
        21
      ],
      "matrix": [
        0.9920923281266177,
        -0.04200393059395337,
        -0.11827291442661676,
        0,
        0.03678045129811639,
        0.9982637635746365,
        -0.04600713788217245,
        0,
        0.12000004531088458,
        0.04129319736301231,
        0.9919147448127409,
        0,
        -0.029548924416303635,
        1.1006399393081665,
        0.02233375422656536,
        1
      ],
      "name": "mixamorig:Hips"
    },
    {
      "children": [
        3
      ],
      "matrix": [
        0.9919258691581264,
        0.0941257998799338,
        -0.08499061060998656,
        0,
        -0.10419239317469661,
        0.9869177580583087,
        -0.12303367032520426,
        0,
        0.07229810024769072,
        0.13089565548987586,
        0.9887564472985506,
        0,
        0,
        0.14596092700958252,
        -0.014907449483871453,
        1
      ],
      "name": "mixamorig:Spine"
    },
    {
      "children": [
        4
      ],
      "matrix": [
        0.99740299313404,
        0.07171220002941474,
        -0.006680542956907787,
        0,
        -0.0703590938058726,
        0.989984997370789,
        0.12238996241348722,
        0,
        0.015390490767818371,
        -0.12160207789219574,
        0.992459604944315,
        0,
        6.938893903907228e-18,
        0.17117345333099365,
        0,
        1
      ],
      "name": "mixamorig:Spine1"
    },
    {
      "children": [
        5,
        8,
        12
      ],
      "matrix": [
        0.9973168270814846,
        0.07306464634416257,
        -0.004550151065889657,
        0,
        -0.07196999854845298,
        0.9899541322401848,
        0.12170100808751935,
        0,
        0.013396481965637197,
        -0.12104698887285564,
        0.9925563766133181,
        0,
        -2.7755575615628914e-17,
        0.1956270486116407,
        3.469446951953614e-17,
        1
      ],
      "name": "mixamorig:Spine2"
    },
    {
      "children": [
        6
      ],
      "matrix": [
        0.999576231970227,
        -0.01850962181967561,
        0.02246665040221349,
        0,
        0.013765355057308734,
        0.9806153628962502,
        0.19545849956449177,
        0,
        -0.0256490054456098,
        -0.1950664090814941,
        0.9804546009722748,
        0,
        0,
        0.22008015215396903,
        -6.8694236965427535e-9,
        1
      ],
      "name": "mixamorig:Neck"
    },
    {
      "children": [
        7
      ],
      "matrix": [
        0.9905935981741152,
        -0.04668218417631852,
        0.12862774559552714,
        0,
        0.06596494068527331,
        0.9864840754001273,
        -0.14999265176115925,
        0,
        -0.11988723808999759,
        0.15706668221645315,
        0.9802841973023269,
        0,
        2.7755575615628914e-17,
        0.1679999828338623,
        0.009017303586006165,
        1
      ],
      "name": "mixamorig:Head"
    },
    {
      "matrix": [
        1.0000000000000002,
        2.0816681711721685e-17,
        -1.3877787807814457e-17,
        0,
        8.673617379884035e-18,
        1.0000000000000004,
        0,
        0,
        -1.3877787807814457e-17,
        -5.551115123125783e-17,
        1.0000000000000002,
        0,
        2.0816681711721685e-17,
        1.066468477249146,
        0.05724208429455768,
        1
      ],
      "name": "mixamorig:HeadTop_End"
    },
    {
      "children": [
        9
      ],
      "matrix": [
        0.2379199582692043,
        0.07014835585670186,
        -0.9687483169677156,
        0,
        0.883874060173396,
        -0.42915114487371764,
        0.18599984033910721,
        0,
        -0.40269186633178494,
        -0.9005045824559579,
        -0.16410593458508754,
        0,
        0.09126447141170507,
        0.18834078311920188,
        -0.00046306106378321554,
        1
      ],
      "name": "mixamorig:LeftShoulder"
    },
    {
      "children": [
        10
      ],
      "matrix": [
        0.9603529060862352,
        0.2110392738923063,
        -0.18216673858509605,
        0,
        0.0005039924521864081,
        0.6521104905553611,
        0.7581237722821084,
        0,
        0.2787867316845096,
        -0.7281581785454685,
        0.6261498424930046,
        0,
        0,
        0.1921594738960266,
        0,
        1
      ],
      "name": "mixamorig:LeftArm"
    },
    {
      "children": [
        11
      ],
      "matrix": [
        0.9661971098395215,
        0.2577722558943736,
        0.004075417632750877,
        0,
        -0.25777997840542044,
        0.9657666997232646,
        0.029054508065623787,
        0,
        0.003553543450801333,
        -0.029122942790178248,
        0.9995695206098392,
        0,
        -1.1102230246251565e-16,
        0.3271889686584475,
        3.3306690738754696e-16,
        1
      ],
      "name": "mixamorig:LeftForeArm"
    },
    {
      "matrix": [
        1.0000000000000002,
        -4.163336342344337e-17,
        0,
        0,
        6.938893903907228e-18,
        1,
        -6.245004513516506e-17,
        0,
        5.551115123125783e-17,
        7.28583859910259e-17,
        1,
        0,
        0,
        0.3765436410903935,
        1.1102230246251565e-16,
        1
      ],
      "name": "mixamorig:LeftHand"
    },
    {
      "children": [
        13
      ],
      "matrix": [
        -0.0639554321846797,
        -0.027134043711935257,
        0.9975838041818389,
        0,
        -0.8944632108476942,
        -0.4417293921681712,
        -0.0693592714406037,
        0,
        0.4425440849611532,
        -0.8967379147591437,
        0.003980590322931993,
        0,
        -0.09126447141170507,
        0.18890249729156494,
        -0.0059628672897815704,
        1
      ],
      "name": "mixamorig:RightShoulder"
    },
    {
      "children": [
        14
      ],
      "matrix": [
        0.7412429506489764,
        -0.48777557197467636,
        0.46112241270402043,
        0,
        0.2745951844366895,
        0.8472149258181292,
        0.45477945661074304,
        0,
        -0.612500100242751,
        -0.21048007234833369,
        0.7619329145973814,
        0,
        -2.7755575615628914e-17,
        0.19215945899486542,
        0,
        1
      ],
      "name": "mixamorig:RightArm"
    },
    {
      "children": [
        15
      ],
      "matrix": [
        0.9512429207150175,
        -0.3082768458853516,
        -0.010113954742953957,
        0,
        0.3084379594113643,
        0.9505347423194656,
        0.03673865590655778,
        0,
        -0.0017120115995165053,
        -0.038066913910193845,
        0.9992737258037144,
        0,
        0,
        0.3262155652046199,
        -1.1102230246251565e-16,
        1
      ],
      "name": "mixamorig:RightForeArm"
    },
    {
      "matrix": [
        1.0000000000000002,
        2.7755575615628914e-17,
        5.551115123125783e-17,
        0,
        2.7755575615628914e-17,
        0.9999999999999998,
        0,
        0,
        -1.1102230246251565e-16,
        0,
        1,
        0,
        0,
        0.37654754519462585,
        -2.220446049250313e-16,
        1
      ],
      "name": "mixamorig:RightHand"
    },
    {
      "children": [
        17
      ],
      "matrix": [
        -0.9722677079670473,
        -0.23050843648425506,
        0.03951410829170755,
        0,
        0.2123580488011897,
        -0.7993587392391783,
        0.5620762093446962,
        0,
        -0.09797736041482309,
        0.55487968669932,
        0.8261410110475141,
        0,
        0.14006437361240387,
        -0.08018374443054199,
        -0.020978547632694244,
        1
      ],
      "name": "mixamorig:LeftUpLeg"
    },
    {
      "children": [
        18
      ],
      "matrix": [
        0.9569679985712464,
        -0.01100544869497283,
        0.2899847061649368,
        0,
        0.2744433267581142,
        0.35905596439631565,
        -0.892053627776587,
        0,
        -0.09430328789857406,
        0.9332511422604604,
        0.3466254395757251,
        0,
        0,
        0.3929668664932251,
        1.1102230246251565e-16,
        1
      ],
      "name": "mixamorig:LeftLeg"
    },
    {
      "children": [
        19
      ],
      "matrix": [
        0.9883833144074585,
        0.1364968946151442,
        0.06683578054716796,
        0,
        -0.1297370834826972,
        0.5286984191200903,
        0.8388362598203061,
        0,
        0.07916257304010907,
        -0.8377628419668297,
        0.5402654048237125,
        0,
        -5.551115123125783e-17,
        0.27555847167968744,
        -2.7755575615628914e-17,
        1
      ],
      "name": "mixamorig:LeftFoot"
    },
    {
      "children": [
        20
      ],
      "matrix": [
        0.9988935166845909,
        -0.01909591864269533,
        -0.04297776421222538,
        0,
        0.046784395263654965,
        0.4965991389824585,
        0.8667182445995317,
        0,
        0.004791939618170003,
        -0.8677699240311759,
        0.49694305132643124,
        0,
        2.7755575615628914e-17,
        0.5121996998786926,
        -5.551115123125783e-17,
        1
      ],
      "name": "mixamorig:LeftToeBase"
    },
    {
      "matrix": [
        1,
        5.551115123125783e-17,
        2.0816681711721685e-17,
        0,
        0,
        1.0000000000000002,
        -2.7755575615628914e-17,
        0,
        6.938893903907228e-18,
        0,
        1,
        0,
        0,
        0.1577834784984588,
        -3.469446951953614e-18,
        1
      ],
      "name": "mixamorig:LeftToe_End"
    },
    {
      "children": [
        22
      ],
      "matrix": [
        -0.9683133522879079,
        -0.07903035244074001,
        -0.23690389438345258,
        0,
        0.03246718424812113,
        -0.9803945885721108,
        0.19435105516955542,
        0,
        -0.24761892845247557,
        0.18050111936387944,
        0.9518950636390731,
        0,
        -0.14006437361240387,
        -0.08018374443054199,
        -0.02945416420698166,
        1
      ],
      "name": "mixamorig:RightUpLeg"
    },
    {
      "children": [
        23
      ],
      "matrix": [
        0.9946291047262131,
        0.02076910894945449,
        -0.10139816637877098,
        0,
        -0.0809335306444672,
        0.7667362489941971,
        -0.6368400804721148,
        0,
        0.06451904872944365,
        0.6416261906996585,
        0.764299106213852,
        0,
        -5.551115123125783e-17,
        0.3916114866733552,
        0,
        1
      ],
      "name": "mixamorig:RightLeg"
    },
    {
      "children": [
        24
      ],
      "matrix": [
        0.9676212943552134,
        -0.24317614347245453,
        -0.06763426613933225,
        0,
        0.1581559395982255,
        0.37529973509178916,
        0.9133109041338746,
        0,
        -0.19671230129339728,
        -0.8944358401170521,
        0.40160776689944444,
        0,
        4.163336342344337e-17,
        0.2749016880989074,
        0,
        1
      ],
      "name": "mixamorig:RightFoot"
    },
    {
      "children": [
        25
      ],
      "matrix": [
        0.9967879939316723,
        -0.00037580069569655844,
        0.0800846672435477,
        0,
        -0.06194035498492795,
        0.6302603148224244,
        0.773909121269597,
        0,
        -0.050765023175546466,
        -0.77638379319366,
        0.6282126376380932,
        0,
        -5.551115123125783e-17,
        0.5045897960662843,
        -8.326672684688674e-17,
        1
      ],
      "name": "mixamorig:RightToeBase"
    },
    {
      "matrix": [
        1.0000000000000002,
        1.3877787807814457e-17,
        -1.1709383462843448e-17,
        0,
        -2.7755575615628914e-17,
        1.0000000000000004,
        6.938893903907228e-18,
        0,
        1.2576745200831851e-17,
        0,
        1.0000000000000004,
        0,
        -2.7755575615628914e-17,
        0.15503916144371033,
        0,
        1
      ],
      "name": "mixamorig:RightToe_End"
    }
  ],
  "scene": 0,
  "scenes": [
    {
      "nodes": [
        0,
        1
      ]
    }
  ],
  "skins": [
    {
      "inverseBindMatrices": 6,
      "joints": [
        8,
        4,
        9,
        10,
        11,
        1,
        2,
        3,
        12,
        13,
        21,
        5,
        16,
        6,
        14,
        15,
        22,
        23,
        24,
        17,
        18,
        19
      ]
    }
  ],
  "extras": {
    "clayViewerConfig": {
      "preZ": true,
      "materials": [
        {
          "name": "DEFAULT_MAT_0",
          "transparent": false,
          "color": "#cccccc",
          "emission": "#000000",
          "alpha": 1,
          "alphaCutoff": 0,
          "emissionIntensity": 1,
          "uvRepeat": {
            "0": 1,
            "1": 1
          },
          "parallaxOcclusionScale": 0.02,
          "diffuseMap": "",
          "normalMap": "",
          "parallaxOcclusionMap": "",
          "emissiveMap": "",
          "metalness": 0,
          "roughness": 1,
          "metalnessMap": "",
          "roughnessMap": "",
          "type": "pbrMetallicRoughness",
          "targetMeshes": [
            "Character",
            "Character"
          ]
        }
      ],
      "takes": [],
      "textureFlipY": false,
      "zUpToYUp": true,
      "shadow": true,
      "environment": "auto",
      "viewControl": {
        "center": [
          0.13618701779392628,
          -1.9361724351691634,
          0.4944023448804984
        ],
        "alpha": 31.79720966978897,
        "beta": 363.6344283059965,
        "distance": 18
      },
      "ground": {
        "show": true,
        "grid": false
      },
      "mainLight": {
        "shadow": true,
        "shadowQuality": "medium",
        "intensity": 0.8,
        "color": "#fff",
        "alpha": 45,
        "beta": 45,
        "$padAngle": [
          0.25,
          0.5
        ]
      },
      "secondaryLight": {
        "shadow": true,
        "shadowQuality": "medium",
        "intensity": 0,
        "color": "#fff",
        "alpha": 60,
        "beta": -50,
        "$padAngle": [
          -0.2777777777777778,
          0.6666666666666666
        ]
      },
      "tertiaryLight": {
        "shadow": true,
        "shadowQuality": "medium",
        "intensity": 0,
        "color": "#fff",
        "alpha": 89,
        "beta": 0,
        "$padAngle": [
          0,
          0.9888888888888889
        ]
      },
      "ambientLight": {
        "intensity": 0,
        "color": "#fff"
      },
      "ambientCubemapLight": {
        "texture": "./asset/texture/pisa.hdr",
        "$texture": "pisa",
        "$textureOptions": [
          "pisa",
          "Barce_Rooftop_C",
          "Factory_Catwalk",
          "Grand_Canyon_C",
          "Ice_Lake",
          "Hall",
          "Old_Industrial_Hall"
        ],
        "exposure": 3,
        "diffuseIntensity": 0.3,
        "specularIntensity": 0.5
      },
      "postEffect": {
        "enable": true,
        "bloom": {
          "enable": true,
          "intensity": 0.1
        },
        "depthOfField": {
          "enable": false,
          "focalDistance": 4,
          "focalRange": 1,
          "blurRadius": 5,
          "fstop": 10,
          "quality": "medium",
          "$qualityOptions": [
            "low",
            "medium",
            "high",
            "ultra"
          ]
        },
        "screenSpaceAmbientOcclusion": {
          "enable": false,
          "radius": 1.5,
          "quality": "medium",
          "intensity": 1,
          "$qualityOptions": [
            "low",
            "medium",
            "high",
            "ultra"
          ]
        },
        "screenSpaceReflection": {
          "enable": false,
          "physical": false,
          "quality": "medium",
          "maxRoughness": 0.8,
          "$qualityOptions": [
            "low",
            "medium",
            "high",
            "ultra"
          ]
        },
        "colorCorrection": {
          "enable": true,
          "exposure": 0,
          "brightness": 0,
          "contrast": 1,
          "saturation": 1,
          "lookupTexture": ""
        },
        "FXAA": {
          "enable": false
        }
      }
    }
  },
  "extensionsUsed": [
    "KHR_materials_pbrSpecularGlossiness"
  ]
}