{
  "accessors": [
    {
      "bufferView": 0,
      "byteOffset": 0,
      "componentType": 5126,
      "count": 2830,
      "max": [
        1.474338,
        3.111463,
        0.500849
      ],
      "min": [
        -1.398219,
        -0.014904,
        -0.50085
      ],
      "type": "VEC3"
    },
    {
      "bufferView": 0,
      "byteOffset": 33960,
      "componentType": 5126,
      "count": 2830,
      "max": [
        0.999981150532967,
        0.9999576692217239,
        0.9999841503768238
      ],
      "min": [
        -0.999981150532967,
        -1,
        -0.9995910187150452
      ],
      "type": "VEC3"
    },
    {
      "bufferView": 0,
      "byteOffset": 67920,
      "componentType": 5126,
      "count": 2830,
      "max": [
        0.976819,
        1
      ],
      "min": [
        0,
        0.04195899999999997
      ],
      "type": "VEC2"
    },
    {
      "bufferView": 0,
      "byteOffset": 90560,
      "componentType": 5123,
      "count": 2830,
      "max": [
        21,
        21,
        21,
        21
      ],
      "min": [
        0,
        0,
        0,
        0
      ],
      "type": "VEC4"
    },
    {
      "bufferView": 0,
      "byteOffset": 113200,
      "componentType": 5126,
      "count": 2830,
      "max": [
        1.0000001192092896,
        0.999854288995266,
        0.9732428789138794,
        0.6080856919288635
      ],
      "min": [
        0,
        0,
        0,
        0
      ],
      "type": "VEC4"
    },
    {
      "bufferView": 3,
      "byteOffset": 0,
      "componentType": 5123,
      "count": 8811,
      "max": [
        2829
      ],
      "min": [
        0
      ],
      "type": "SCALAR"
    },
    {
      "bufferView": 1,
      "byteOffset": 0,
      "componentType": 5126,
      "count": 22,
      "max": [
        1,
        0.9949346479202581,
        0.31986906857237,
        0,
        0.13115650798951747,
        1,
        0.9929401457948425,
        0,
        0.9929828138917376,
        0.9971804309075314,
        1,
        0,
        0.29586448412167543,
        1.0132089115111018,
        1.7636819674351745,
        1
      ],
      "min": [
        -0.9976574504739909,
        -0.9949243239452776,
        -0.3263933270910816,
        0,
        -0.12859116228561185,
        -0.9916316048072268,
        -0.9897017673148122,
        0,
        -0.9947967863956491,
        -0.16173815904005379,
        -0.014670191315571351,
        0,
        -0.2527139549646653,
        -2.0161404614066356,
        -0.22147074826867238,
        1
      ],
      "type": "MAT4"
    },
    {
      "bufferView": 2,
      "byteOffset": 0,
      "componentType": 5126,
      "count": 1,
      "max": [
        0
      ],
      "min": [
        0
      ],
      "type": "SCALAR"
    },
    {
      "bufferView": 2,
      "byteOffset": 4,
      "componentType": 5126,
      "count": 1,
      "max": [
        -0.0001300813746638596,
        1.1324045658111572,
        0.030258644372224808
      ],
      "min": [
        -0.0001300813746638596,
        1.1324045658111572,
        0.030258644372224808
      ],
      "type": "VEC3"
    },
    {
      "bufferView": 2,
      "byteOffset": 16,
      "componentType": 5126,
      "count": 1,
      "max": [
        -0.00001154219529062283,
        -0.00002079085384733518,
        0.00038048068616884217,
        0.9999999273344802
      ],
      "min": [
        -0.00001154219529062283,
        -0.00002079085384733518,
        0.00038048068616884217,
        0.9999999273344802
      ],
      "type": "VEC4"
    }
  ],
  "animations": [
    {
      "channels": [
        {
          "sampler": 0,
          "target": {
            "node": 1,
            "path": "rotation"
          }
        },
        {
          "sampler": 1,
          "target": {
            "node": 1,
            "path": "translation"
          }
        }
      ],
      "name": "mixamo.com",
      "samplers": [
        {
          "input": 7,
          "interpolation": "LINEAR",
          "output": 9
        },
        {
          "input": 7,
          "interpolation": "LINEAR",
          "output": 8
        }
      ]
    }
  ],
  "asset": {
    "generator": "ClayGL - fbx2gltf",
    "version": "2.0"
  },
  "bufferViews": [
    {
      "buffer": 0,
      "byteLength": 158480,
      "byteOffset": 0,
      "target": 34962
    },
    {
      "buffer": 0,
      "byteLength": 1408,
      "byteOffset": 158480,
      "target": 34962
    },
    {
      "buffer": 0,
      "byteLength": 32,
      "byteOffset": 159888,
      "target": 34962
    },
    {
      "buffer": 0,
      "byteLength": 17622,
      "byteOffset": 159920,
      "target": 34963
    }
  ],
  "buffers": [
    {
      "byteLength": 177542,
      "uri": "Base.bin"
    }
  ],
  "materials": [
    {
      "name": "DEFAULT_MAT_0",
      "emissiveFactor": [
        0,
        0,
        0
      ],
      "alphaMode": "OPAQUE",
      "pbrMetallicRoughness": {
        "baseColorFactor": [
          0.8,
          0.8,
          0.8,
          1
        ],
        "metallicFactor": 0,
        "roughnessFactor": 1
      }
    }
  ],
  "meshes": [
    {
      "name": "Charactermesh",
      "primitives": [
        {
          "attributes": {
            "JOINTS_0": 3,
            "NORMAL": 1,
            "POSITION": 0,
            "TEXCOORD_0": 2,
            "WEIGHTS_0": 4
          },
          "indices": 5,
          "material": 0
        }
      ]
    }
  ],
  "nodes": [
    {
      "matrix": [
        1,
        0,
        0,
        0,
        0,
        1,
        0,
        0,
        0,
        0,
        1,
        0,
        0,
        0,
        0,
        1
      ],
      "mesh": 0,
      "name": "Character",
      "skin": 0
    },
    {
      "children": [
        2,
        16,
        21
      ],
      "matrix": [
        0.9999997096043757,
        0.0007609617969862213,
        0.000041572921508345814,
        0,
        -0.0007609608370978398,
        0.9999997102024504,
        -0.00002310020994048216,
        0,
        -0.0000415904878378821,
        0.00002306856786713068,
        0.9999999988690363,
        0,
        -0.0001300813746638596,
        1.1324045658111572,
        0.030258644372224808,
        1
      ],
      "name": "mixamorig:Hips"
    },
    {
      "children": [
        3
      ],
      "matrix": [
        0.9999997096043772,
        -0.0007609608217072212,
        -0.00004159072440862283,
        0,
        0.0007527996656257101,
        0.9948269123944454,
        -0.10158172900870298,
        0,
        0.00011867528792458147,
        0.10158166820033013,
        0.994827196352117,
        0,
        -7.047314121155779e-18,
        0.14596092700958252,
        -0.014907449483871456,
        1
      ],
      "name": "mixamorig:Spine"
    },
    {
      "children": [
        4
      ],
      "matrix": [
        0.9999999999999999,
        6.462348535570529e-27,
        0,
        0,
        6.462348535570529e-27,
        1,
        2.7755575615628914e-17,
        0,
        -5.169878828456423e-26,
        0,
        1,
        0,
        0,
        0.17117345333099365,
        0,
        1
      ],
      "name": "mixamorig:Spine1"
    },
    {
      "children": [
        5,
        8,
        12
      ],
      "matrix": [
        0.9999999999999999,
        3.2311742677852644e-27,
        0,
        0,
        6.462348535570529e-27,
        1,
        2.7755575615628914e-17,
        0,
        -5.169878828456423e-26,
        0,
        1,
        0,
        0,
        0.19562704861164115,
        2.7755575615628914e-17,
        1
      ],
      "name": "mixamorig:Spine2"
    },
    {
      "children": [
        6
      ],
      "matrix": [
        0.9999999999999999,
        -4.611106573922294e-13,
        3.861394765758307e-14,
        0,
        4.548009891095052e-13,
        0.9948248585681607,
        0.10160462969195493,
        0,
        -8.526508549330072e-14,
        -0.10160462969195494,
        0.9948248585681607,
        0,
        -2.710505431213761e-20,
        0.2200801521539688,
        -6.8694236965427535e-9,
        1
      ],
      "name": "mixamorig:Neck"
    },
    {
      "children": [
        7
      ],
      "matrix": [
        1,
        1.4741468387768336e-27,
        -5.169878828456423e-26,
        0,
        -1.843028675117076e-27,
        1.0000000000000002,
        0,
        0,
        5.169878828456423e-26,
        0,
        1,
        0,
        3.469446951953614e-18,
        0.16799998283386208,
        0.009017303586006165,
        1
      ],
      "name": "mixamorig:Head"
    },
    {
      "matrix": [
        1,
        4.7053195658181424e-27,
        -5.169878828456423e-26,
        0,
        -5.0742029429023405e-27,
        1,
        0,
        0,
        1.0339757656912846e-25,
        0,
        1,
        0,
        3.119791751327039e-17,
        1.066468477249145,
        0.05724208429455757,
        1
      ],
      "name": "mixamorig:HeadTop_End"
    },
    {
      "children": [
        9
      ],
      "matrix": [
        -0.0021383024629661306,
        -0.00025367609395926527,
        -0.9999976816528205,
        0,
        0.95319514131769,
        -0.30234942531293724,
        -0.001961525244639273,
        0,
        -0.3023482267699376,
        -0.9531971258146847,
        0.0008883173410534628,
        0,
        0.091264471411705,
        0.18834078311920144,
        -0.0004630610637832433,
        1
      ],
      "name": "mixamorig:LeftShoulder"
    },
    {
      "children": [
        10
      ],
      "matrix": [
        0.9999456669679683,
        0.005122673077614489,
        0.009078619527495016,
        0,
        -0.0021380038672207213,
        0.9531917377131565,
        -0.3023589590120275,
        0,
        -0.010202551222556006,
        0.30232312080936347,
        0.9531509002107894,
        0,
        0,
        0.19215947389602656,
        0,
        1
      ],
      "name": "mixamorig:LeftArm"
    },
    {
      "children": [
        11
      ],
      "matrix": [
        0.9999999646770755,
        -4.3457157836443536e-7,
        0.0002657925112432291,
        0,
        4.3464392320691154e-7,
        0.9999999999998684,
        -2.721276430570333e-7,
        0,
        -0.0002657925111249071,
        2.722431585445352e-7,
        0.9999999646771327,
        0,
        0,
        0.3271889686584474,
        2.220446049250313e-16,
        1
      ],
      "name": "mixamorig:LeftForeArm"
    },
    {
      "matrix": [
        1,
        2.117582368135751e-22,
        2.7755575615628914e-17,
        0,
        2.117582368135751e-22,
        0.9999999999999999,
        7.411538288475128e-22,
        0,
        1.3877787807814457e-17,
        -2.4616895029578104e-21,
        0.9999999999999999,
        0,
        0,
        0.37654364109039296,
        0,
        1
      ],
      "name": "mixamorig:LeftHand"
    },
    {
      "children": [
        13
      ],
      "matrix": [
        -0.06252669345424117,
        0.0016460340201136514,
        0.9980419345787449,
        0,
        -0.9531279393977712,
        -0.2967148602267199,
        -0.0592234992211412,
        0,
        0.2960363892244293,
        -0.9549647021186926,
        0.0201214801224837,
        0,
        -0.09126447141170499,
        0.18890249729156472,
        -0.0059628672897815704,
        1
      ],
      "name": "mixamorig:RightShoulder"
    },
    {
      "children": [
        14
      ],
      "matrix": [
        0.9979291568769324,
        -0.06419154913681183,
        0.004104007104152069,
        0,
        0.06252722278091524,
        0.9531288176273334,
        -0.29603344983232405,
        0,
        0.015091198302336878,
        0.29567702316503647,
        0.9551687566634818,
        0,
        -2.7755575615628914e-17,
        0.19215945899486536,
        0,
        1
      ],
      "name": "mixamorig:RightArm"
    },
    {
      "children": [
        15
      ],
      "matrix": [
        0.9999907233331768,
        5.472378452578924e-7,
        -0.004307348057659102,
        0,
        -5.469755443704407e-7,
        0.9999999999998488,
        6.207415664050908e-8,
        0,
        0.004307348057692381,
        -5.971756675068239e-8,
        0.999990723333325,
        0,
        2.7755575615628914e-17,
        0.32621556520462036,
        0,
        1
      ],
      "name": "mixamorig:RightForeArm"
    },
    {
      "matrix": [
        1.0000000000000004,
        -5.293955920339377e-23,
        0,
        0,
        1.5881867761018131e-22,
        1.0000000000000002,
        -8.139457227521792e-22,
        0,
        1.3877787807814457e-17,
        6.28657265540301e-22,
        1.0000000000000002,
        0,
        0,
        0.37654754519462574,
        -2.220446049250313e-16,
        1
      ],
      "name": "mixamorig:RightHand"
    },
    {
      "children": [
        17
      ],
      "matrix": [
        -0.9995373311116346,
        -0.025248173733920975,
        -0.016960348974355298,
        0,
        0.025069896981008567,
        -0.9996290440642116,
        0.01064305072015719,
        0,
        -0.01722277502587168,
        0.010212932310162638,
        0.9997995159200848,
        0,
        0.1400643736124039,
        -0.08018374443054221,
        -0.02097854763269424,
        1
      ],
      "name": "mixamorig:LeftUpLeg"
    },
    {
      "children": [
        18
      ],
      "matrix": [
        0.9979169376514195,
        -0.06418976240946922,
        0.00643894014795663,
        0,
        0.06443458257143031,
        0.9868585484464082,
        -0.14818363582762292,
        0,
        0.0031575492488006528,
        0.1482898504957907,
        0.988938901106978,
        0,
        5.551115123125783e-17,
        0.3929668664932251,
        0,
        1
      ],
      "name": "mixamorig:LeftLeg"
    },
    {
      "children": [
        19
      ],
      "matrix": [
        0.9944263816795658,
        0.1046248842024526,
        0.013030925727302143,
        0,
        -0.07874992063890233,
        0.6548796495903317,
        0.7516189822987515,
        0,
        0.07010436091323886,
        -0.7484559293359018,
        0.6594688017054932,
        0,
        -1.3877787807814457e-17,
        0.2755584716796875,
        0,
        1
      ],
      "name": "mixamorig:LeftFoot"
    },
    {
      "children": [
        20
      ],
      "matrix": [
        0.9967506261013469,
        2.0227600824179737e-7,
        -0.08054929774077417,
        0,
        0.0615504188760645,
        0.6450561892848415,
        0.7616521900457581,
        0,
        0.05195897711419856,
        -0.7641351403156897,
        0.6429601480900415,
        0,
        2.7755575615628914e-17,
        0.5121996998786926,
        -1.1102230246251565e-16,
        1
      ],
      "name": "mixamorig:LeftToeBase"
    },
    {
      "matrix": [
        1,
        1.3877787807814457e-17,
        5.637851296924623e-18,
        0,
        0,
        1.0000000000000004,
        3.469446951953614e-18,
        0,
        -3.642919299551295e-17,
        -1.734723475976807e-18,
        1.0000000000000002,
        0,
        8.326672684688674e-17,
        0.15778347849845892,
        0,
        1
      ],
      "name": "mixamorig:LeftToe_End"
    },
    {
      "children": [
        22
      ],
      "matrix": [
        -0.9995326204271779,
        0.026466696643696216,
        0.01529884540575369,
        0,
        -0.026661773546839542,
        -0.9995639500260403,
        -0.012690927455322529,
        0,
        0.014956287417525723,
        -0.013092890326806063,
        0.9998024233265161,
        0,
        -0.14006437361240384,
        -0.08018374443054199,
        -0.029454164206981652,
        1
      ],
      "name": "mixamorig:RightUpLeg"
    },
    {
      "children": [
        23
      ],
      "matrix": [
        0.9979721448753839,
        0.06347563844802824,
        -0.004737232994164576,
        0,
        -0.06364651123661105,
        0.9961079725570474,
        -0.06097563952675148,
        0,
        0.0008483279046102507,
        0.06115349811665397,
        0.9981280128359603,
        0,
        -2.7755575615628914e-17,
        0.391611486673355,
        0,
        1
      ],
      "name": "mixamorig:RightLeg"
    },
    {
      "children": [
        24
      ],
      "matrix": [
        0.9944578729945691,
        -0.1050577729169484,
        -0.004050085042102622,
        0,
        0.07830109013641688,
        0.7143768594600589,
        0.6953665522236682,
        0,
        -0.07016037430463205,
        -0.6918298685498583,
        0.7186438303218916,
        0,
        8.326672684688674e-17,
        0.2749016880989074,
        0,
        1
      ],
      "name": "mixamorig:RightFoot"
    },
    {
      "children": [
        25
      ],
      "matrix": [
        0.9967794458936904,
        -2.0262542781146475e-7,
        0.08019187143237505,
        0,
        -0.06218769488657167,
        0.6313624838321349,
        0.772990365149535,
        0,
        -0.05063029575819492,
        -0.7754878554879352,
        0.629329134191451,
        0,
        -2.7755575615628914e-17,
        0.5045897960662842,
        -5.551115123125783e-17,
        1
      ],
      "name": "mixamorig:RightToeBase"
    },
    {
      "matrix": [
        1.0000000000000002,
        0,
        2.7755575615628914e-17,
        0,
        1.3877787807814457e-17,
        1.0000000000000002,
        3.469446951953614e-18,
        0,
        6.5052130349130266e-18,
        1.734723475976807e-18,
        1.0000000000000004,
        0,
        2.7755575615628914e-17,
        0.15503916144371027,
        3.469446951953614e-18,
        1
      ],
      "name": "mixamorig:RightToe_End"
    }
  ],
  "scene": 0,
  "scenes": [
    {
      "nodes": [
        0,
        1
      ]
    }
  ],
  "skins": [
    {
      "inverseBindMatrices": 6,
      "joints": [
        8,
        4,
        9,
        10,
        11,
        1,
        2,
        3,
        12,
        13,
        21,
        5,
        16,
        6,
        14,
        15,
        22,
        23,
        24,
        17,
        18,
        19
      ]
    }
  ],
  "extras": {
    "clayViewerConfig": {
      "preZ": true,
      "materials": [
        {
          "name": "DEFAULT_MAT_0",
          "transparent": false,
          "color": "#cccccc",
          "emission": "#000000",
          "alpha": 1,
          "alphaCutoff": 0,
          "emissionIntensity": 1,
          "uvRepeat": {
            "0": 1,
            "1": 1
          },
          "parallaxOcclusionScale": 0.02,
          "diffuseMap": "",
          "normalMap": "",
          "parallaxOcclusionMap": "",
          "emissiveMap": "",
          "metalness": 0,
          "roughness": 1,
          "metalnessMap": "",
          "roughnessMap": "",
          "type": "pbrMetallicRoughness",
          "targetMeshes": [
            "Character",
            "Character"
          ]
        }
      ],
      "takes": [],
      "textureFlipY": false,
      "zUpToYUp": false,
      "shadow": true,
      "environment": "auto",
      "viewControl": {
        "center": [
          1.174740207039452,
          0.46802866813139454,
          2.509836180514267
        ],
        "alpha": -2.8663035333602127,
        "beta": 357.2239262084396,
        "distance": 18
      },
      "ground": {
        "show": true,
        "grid": false
      },
      "mainLight": {
        "shadow": true,
        "shadowQuality": "medium",
        "intensity": 0.8,
        "color": "#fff",
        "alpha": 45,
        "beta": 45,
        "$padAngle": [
          0.25,
          0.5
        ]
      },
      "secondaryLight": {
        "shadow": true,
        "shadowQuality": "medium",
        "intensity": 0,
        "color": "#fff",
        "alpha": 60,
        "beta": -50,
        "$padAngle": [
          -0.2777777777777778,
          0.6666666666666666
        ]
      },
      "tertiaryLight": {
        "shadow": true,
        "shadowQuality": "medium",
        "intensity": 0,
        "color": "#fff",
        "alpha": 89,
        "beta": 0,
        "$padAngle": [
          0,
          0.9888888888888889
        ]
      },
      "ambientLight": {
        "intensity": 0,
        "color": "#fff"
      },
      "ambientCubemapLight": {
        "texture": "./asset/texture/pisa.hdr",
        "$texture": "pisa",
        "$textureOptions": [
          "pisa",
          "Barce_Rooftop_C",
          "Factory_Catwalk",
          "Grand_Canyon_C",
          "Ice_Lake",
          "Hall",
          "Old_Industrial_Hall"
        ],
        "exposure": 3,
        "diffuseIntensity": 0.3,
        "specularIntensity": 0.5
      },
      "postEffect": {
        "enable": true,
        "bloom": {
          "enable": true,
          "intensity": 0.1
        },
        "depthOfField": {
          "enable": false,
          "focalDistance": 4,
          "focalRange": 1,
          "blurRadius": 5,
          "fstop": 10,
          "quality": "medium",
          "$qualityOptions": [
            "low",
            "medium",
            "high",
            "ultra"
          ]
        },
        "screenSpaceAmbientOcclusion": {
          "enable": false,
          "radius": 1.5,
          "quality": "medium",
          "intensity": 1,
          "$qualityOptions": [
            "low",
            "medium",
            "high",
            "ultra"
          ]
        },
        "screenSpaceReflection": {
          "enable": false,
          "physical": false,
          "quality": "medium",
          "maxRoughness": 0.8,
          "$qualityOptions": [
            "low",
            "medium",
            "high",
            "ultra"
          ]
        },
        "colorCorrection": {
          "enable": true,
          "exposure": 0,
          "brightness": 0,
          "contrast": 1,
          "saturation": 1,
          "lookupTexture": ""
        },
        "FXAA": {
          "enable": false
        }
      }
    }
  },
  "extensionsUsed": [
    "KHR_materials_pbrSpecularGlossiness"
  ]
}