{
  "accessors": [
    {
      "bufferView": 0,
      "byteOffset": 0,
      "componentType": 5126,
      "count": 2830,
      "max": [
        1.474338,
        3.111463,
        0.500849
      ],
      "min": [
        -1.398219,
        -0.014904,
        -0.50085
      ],
      "type": "VEC3"
    },
    {
      "bufferView": 0,
      "byteOffset": 33960,
      "componentType": 5126,
      "count": 2830,
      "max": [
        0.999981150532967,
        0.9999576692217239,
        0.9999841503768238
      ],
      "min": [
        -0.999981150532967,
        -1,
        -0.9995910187150452
      ],
      "type": "VEC3"
    },
    {
      "bufferView": 0,
      "byteOffset": 67920,
      "componentType": 5126,
      "count": 2830,
      "max": [
        0.976819,
        1
      ],
      "min": [
        0,
        0.04195899999999997
      ],
      "type": "VEC2"
    },
    {
      "bufferView": 0,
      "byteOffset": 90560,
      "componentType": 5123,
      "count": 2830,
      "max": [
        21,
        21,
        21,
        21
      ],
      "min": [
        0,
        0,
        0,
        0
      ],
      "type": "VEC4"
    },
    {
      "bufferView": 0,
      "byteOffset": 113200,
      "componentType": 5126,
      "count": 2830,
      "max": [
        1.0000001192092896,
        0.999854288995266,
        0.9732428789138794,
        0.6080856919288635
      ],
      "min": [
        0,
        0,
        0,
        0
      ],
      "type": "VEC4"
    },
    {
      "bufferView": 3,
      "byteOffset": 0,
      "componentType": 5123,
      "count": 8811,
      "max": [
        2829
      ],
      "min": [
        0
      ],
      "type": "SCALAR"
    },
    {
      "bufferView": 1,
      "byteOffset": 0,
      "componentType": 5126,
      "count": 22,
      "max": [
        1,
        0.9949346479202581,
        0.31986906857237,
        0,
        0.13115650798951747,
        1,
        0.9929401457948425,
        0,
        0.9929828138917376,
        0.9971804309075314,
        1,
        0,
        0.29586448412167543,
        1.0132089115111018,
        1.7636819674351745,
        1
      ],
      "min": [
        -0.9976574504739909,
        -0.9949243239452776,
        -0.3263933270910816,
        0,
        -0.12859116228561185,
        -0.9916316048072268,
        -0.9897017673148122,
        0,
        -0.9947967863956491,
        -0.16173815904005379,
        -0.014670191315571351,
        0,
        -0.2527139549646653,
        -2.0161404614066356,
        -0.22147074826867238,
        1
      ],
      "type": "MAT4"
    },
    {
      "bufferView": 2,
      "byteOffset": 0,
      "componentType": 5126,
      "count": 52,
      "max": [
        2.5500000000000003
      ],
      "min": [
        0
      ],
      "type": "SCALAR"
    },
    {
      "bufferView": 2,
      "byteOffset": 208,
      "componentType": 5126,
      "count": 52,
      "max": [
        -0.0036918544210493565,
        1.1268715858459473,
        0.033865004777908325
      ],
      "min": [
        -0.010530751198530197,
        1.125779628753662,
        0.020061621442437172
      ],
      "type": "VEC3"
    },
    {
      "bufferView": 2,
      "byteOffset": 832,
      "componentType": 5126,
      "count": 52,
      "max": [
        -0.02932201312566889,
        -0.024861952240200793,
        -0.024915484663894975,
        0.9984182348233748
      ],
      "min": [
        -0.04436210488526304,
        -0.04912112737436323,
        -0.029155979815066135,
        0.998045764128845
      ],
      "type": "VEC4"
    },
    {
      "bufferView": 2,
      "byteOffset": 1664,
      "componentType": 5126,
      "count": 41,
      "max": [
        2.1
      ],
      "min": [
        0.1
      ],
      "type": "SCALAR"
    },
    {
      "bufferView": 2,
      "byteOffset": 1828,
      "componentType": 5126,
      "count": 41,
      "max": [
        -0.021640610571486803,
        0.013847874040684507,
        0.019029518937278826,
        0.9995149605267927
      ],
      "min": [
        -0.026352567841481198,
        0.01195123409113174,
        0.01646802314621292,
        0.999416752852073
      ],
      "type": "VEC4"
    },
    {
      "bufferView": 2,
      "byteOffset": 2484,
      "componentType": 5126,
      "count": 49,
      "max": [
        2.4666666666666672
      ],
      "min": [
        0.06666666666666667
      ],
      "type": "SCALAR"
    },
    {
      "bufferView": 2,
      "byteOffset": 2680,
      "componentType": 5126,
      "count": 49,
      "max": [
        0.010089232701535921,
        0.004452605316949751,
        0.014257344599182062,
        0.999921398400968
      ],
      "min": [
        0.0022524173165980447,
        0.0013582333501087564,
        0.011502596361194323,
        0.9998513279167023
      ],
      "type": "VEC4"
    },
    {
      "bufferView": 2,
      "byteOffset": 3464,
      "componentType": 5126,
      "count": 52,
      "max": [
        0.009873155029250942,
        0.0047042514393020205,
        0.014344577258689928,
        0.9999198999587601
      ],
      "min": [
        0.0020118870908868445,
        0.001535634847504587,
        0.011580445563419733,
        0.9998517281920859
      ],
      "type": "VEC4"
    },
    {
      "bufferView": 2,
      "byteOffset": 4296,
      "componentType": 5126,
      "count": 52,
      "max": [
        0.10801828602694363,
        0.05988271383453241,
        0.018423004845615994,
        0.996533055084892
      ],
      "min": [
        0.06442242254904365,
        -0.026547410607653067,
        -0.017454951131975434,
        0.9939356015601277
      ],
      "type": "VEC4"
    },
    {
      "bufferView": 2,
      "byteOffset": 5128,
      "componentType": 5126,
      "count": 52,
      "max": [
        -0.042863778782507196,
        0.3055164430995342,
        0.05475870334569149,
        0.998712402337116
      ],
      "min": [
        -0.11372841979981577,
        -0.11372000912857726,
        -0.0667074943802653,
        0.947002642013029
      ],
      "type": "VEC4"
    },
    {
      "bufferView": 2,
      "byteOffset": 5960,
      "componentType": 5126,
      "count": 52,
      "max": [
        0.7008847072989701,
        0.3288783729211891,
        -0.5141579681204904,
        0.4072324586761164
      ],
      "min": [
        0.6789589320919042,
        0.2971623867393513,
        -0.5273130775312667,
        0.38138625989650377
      ],
      "type": "VEC4"
    },
    {
      "bufferView": 2,
      "byteOffset": 6792,
      "componentType": 5126,
      "count": 52,
      "max": [
        0.47865583413625634,
        0.1322955073355158,
        0.04562498180822809,
        0.8844003015388793
      ],
      "min": [
        0.4475344646497118,
        0.12686107539568717,
        0.034813336190830435,
        0.8675143178996811
      ],
      "type": "VEC4"
    },
    {
      "bufferView": 2,
      "byteOffset": 7624,
      "componentType": 5126,
      "count": 50,
      "max": [
        2.516666666666667
      ],
      "min": [
        0.06666666666666667
      ],
      "type": "SCALAR"
    },
    {
      "bufferView": 2,
      "byteOffset": 7824,
      "componentType": 5126,
      "count": 50,
      "max": [
        0.0014570336244225026,
        -0.00013150861613937692,
        0.013357704891499327,
        0.9999793466155403
      ],
      "min": [
        0.0007747076443985362,
        -0.00014601302774142614,
        0.006378467732806532,
        0.9999097130493834
      ],
      "type": "VEC4"
    },
    {
      "bufferView": 2,
      "byteOffset": 8624,
      "componentType": 5126,
      "count": 52,
      "max": [
        0.683313744108317,
        -0.31341488443722426,
        0.5603364536906666,
        0.385392979688255
      ],
      "min": [
        0.6659416526658819,
        -0.34438020895209,
        0.5378119984568279,
        0.3494749276611199
      ],
      "type": "VEC4"
    },
    {
      "bufferView": 2,
      "byteOffset": 9456,
      "componentType": 5126,
      "count": 52,
      "max": [
        0.4119439753822578,
        -0.1314900325028791,
        -0.00959820125813704,
        0.904516520407375
      ],
      "min": [
        0.36328889110834806,
        -0.26861069951711086,
        -0.09648087683848368,
        0.8840108643738157
      ],
      "type": "VEC4"
    },
    {
      "bufferView": 2,
      "byteOffset": 10288,
      "componentType": 5126,
      "count": 52,
      "max": [
        0.00878602744741364,
        0.002249070955788402,
        -0.02373128675784441,
        0.9997118528328277
      ],
      "min": [
        0.002879381636682674,
        0.0020597092898128385,
        -0.07244782520741225,
        0.997331249597291
      ],
      "type": "VEC4"
    },
    {
      "bufferView": 2,
      "byteOffset": 11120,
      "componentType": 5126,
      "count": 50,
      "max": [
        2.5
      ],
      "min": [
        0.05
      ],
      "type": "SCALAR"
    },
    {
      "bufferView": 2,
      "byteOffset": 11320,
      "componentType": 5126,
      "count": 50,
      "max": [
        0.12681013003546793,
        0.06877296016123924,
        0.9847071209565784,
        -0.1017004131345746
      ],
      "min": [
        0.12468628491272624,
        0.05709604664654142,
        0.9838659951098525,
        -0.1098955695884093
      ],
      "type": "VEC4"
    },
    {
      "bufferView": 2,
      "byteOffset": 12120,
      "componentType": 5126,
      "count": 52,
      "max": [
        -0.16695087680092044,
        0.009020516139083199,
        0.007965505802296704,
        0.9858211174955261
      ],
      "min": [
        -0.19045185970303588,
        -0.019262172150379144,
        0.0036647824868324,
        0.9816240480067786
      ],
      "type": "VEC4"
    },
    {
      "bufferView": 2,
      "byteOffset": 12952,
      "componentType": 5126,
      "count": 52,
      "max": [
        0.42186908824686375,
        -0.014497348435296173,
        -0.026198002782626018,
        0.914675842772336
      ],
      "min": [
        0.4026927495067061,
        -0.01682636719899066,
        -0.033085599601808735,
        0.9059090580434006
      ],
      "type": "VEC4"
    },
    {
      "bufferView": 2,
      "byteOffset": 13784,
      "componentType": 5126,
      "count": 38,
      "max": [
        2.3000000000000003
      ],
      "min": [
        0
      ],
      "type": "SCALAR"
    },
    {
      "bufferView": 2,
      "byteOffset": 13936,
      "componentType": 5126,
      "count": 38,
      "max": [
        0.46073267582231203,
        0.03655065744083603,
        -0.01243138251303013,
        0.887829074248603
      ],
      "min": [
        0.4585534712699935,
        0.03647582987270096,
        -0.0125554269197644,
        0.8866988413853357
      ],
      "type": "VEC4"
    },
    {
      "bufferView": 2,
      "byteOffset": 14544,
      "componentType": 5126,
      "count": 49,
      "max": [
        2.45
      ],
      "min": [
        0.05
      ],
      "type": "SCALAR"
    },
    {
      "bufferView": 2,
      "byteOffset": 14740,
      "componentType": 5126,
      "count": 49,
      "max": [
        -0.08007717447949464,
        -0.0575214000182765,
        0.9948977581295744,
        -0.016277968854103805
      ],
      "min": [
        -0.08154253311795569,
        -0.0983443473574532,
        0.99150882732384,
        -0.02657294606755692
      ],
      "type": "VEC4"
    },
    {
      "bufferView": 2,
      "byteOffset": 15524,
      "componentType": 5126,
      "count": 52,
      "max": [
        -0.0003717162192267048,
        0.0920856810904412,
        0.013829698110246813,
        0.996538217177635
      ],
      "min": [
        -0.03819706792853608,
        0.08210339806232551,
        0.008407972888665589,
        0.9954153871560211
      ],
      "type": "VEC4"
    },
    {
      "bufferView": 2,
      "byteOffset": 16356,
      "componentType": 5126,
      "count": 52,
      "max": [
        0.39706276952359804,
        0.021354487951669214,
        -0.03140361989058109,
        0.9252627526522437
      ],
      "min": [
        0.37731376863623123,
        -0.0013926397582862903,
        -0.0390105371464969,
        0.9172046642786109
      ],
      "type": "VEC4"
    },
    {
      "bufferView": 2,
      "byteOffset": 17188,
      "componentType": 5126,
      "count": 30,
      "max": [
        2.35
      ],
      "min": [
        0
      ],
      "type": "SCALAR"
    },
    {
      "bufferView": 2,
      "byteOffset": 17308,
      "componentType": 5126,
      "count": 30,
      "max": [
        0.4858756715805393,
        -0.03626110439550533,
        0.010630824198584915,
        0.8737645440251844
      ],
      "min": [
        0.4848789946876834,
        -0.03627321089164575,
        0.010589442229557548,
        0.8732107132021668
      ],
      "type": "VEC4"
    }
  ],
  "animations": [
    {
      "channels": [
        {
          "sampler": 0,
          "target": {
            "node": 1,
            "path": "rotation"
          }
        },
        {
          "sampler": 1,
          "target": {
            "node": 1,
            "path": "translation"
          }
        },
        {
          "sampler": 2,
          "target": {
            "node": 2,
            "path": "rotation"
          }
        },
        {
          "sampler": 3,
          "target": {
            "node": 3,
            "path": "rotation"
          }
        },
        {
          "sampler": 4,
          "target": {
            "node": 4,
            "path": "rotation"
          }
        },
        {
          "sampler": 5,
          "target": {
            "node": 5,
            "path": "rotation"
          }
        },
        {
          "sampler": 6,
          "target": {
            "node": 6,
            "path": "rotation"
          }
        },
        {
          "sampler": 7,
          "target": {
            "node": 8,
            "path": "rotation"
          }
        },
        {
          "sampler": 8,
          "target": {
            "node": 9,
            "path": "rotation"
          }
        },
        {
          "sampler": 9,
          "target": {
            "node": 10,
            "path": "rotation"
          }
        },
        {
          "sampler": 10,
          "target": {
            "node": 12,
            "path": "rotation"
          }
        },
        {
          "sampler": 11,
          "target": {
            "node": 13,
            "path": "rotation"
          }
        },
        {
          "sampler": 12,
          "target": {
            "node": 14,
            "path": "rotation"
          }
        },
        {
          "sampler": 13,
          "target": {
            "node": 16,
            "path": "rotation"
          }
        },
        {
          "sampler": 14,
          "target": {
            "node": 17,
            "path": "rotation"
          }
        },
        {
          "sampler": 15,
          "target": {
            "node": 18,
            "path": "rotation"
          }
        },
        {
          "sampler": 16,
          "target": {
            "node": 19,
            "path": "rotation"
          }
        },
        {
          "sampler": 17,
          "target": {
            "node": 21,
            "path": "rotation"
          }
        },
        {
          "sampler": 18,
          "target": {
            "node": 22,
            "path": "rotation"
          }
        },
        {
          "sampler": 19,
          "target": {
            "node": 23,
            "path": "rotation"
          }
        },
        {
          "sampler": 20,
          "target": {
            "node": 24,
            "path": "rotation"
          }
        }
      ],
      "name": "mixamo.com",
      "samplers": [
        {
          "input": 7,
          "interpolation": "LINEAR",
          "output": 9
        },
        {
          "input": 7,
          "interpolation": "LINEAR",
          "output": 8
        },
        {
          "input": 10,
          "interpolation": "LINEAR",
          "output": 11
        },
        {
          "input": 12,
          "interpolation": "LINEAR",
          "output": 13
        },
        {
          "input": 7,
          "interpolation": "LINEAR",
          "output": 14
        },
        {
          "input": 7,
          "interpolation": "LINEAR",
          "output": 15
        },
        {
          "input": 7,
          "interpolation": "LINEAR",
          "output": 16
        },
        {
          "input": 7,
          "interpolation": "LINEAR",
          "output": 17
        },
        {
          "input": 7,
          "interpolation": "LINEAR",
          "output": 18
        },
        {
          "input": 19,
          "interpolation": "LINEAR",
          "output": 20
        },
        {
          "input": 7,
          "interpolation": "LINEAR",
          "output": 21
        },
        {
          "input": 7,
          "interpolation": "LINEAR",
          "output": 22
        },
        {
          "input": 7,
          "interpolation": "LINEAR",
          "output": 23
        },
        {
          "input": 24,
          "interpolation": "LINEAR",
          "output": 25
        },
        {
          "input": 7,
          "interpolation": "LINEAR",
          "output": 26
        },
        {
          "input": 7,
          "interpolation": "LINEAR",
          "output": 27
        },
        {
          "input": 28,
          "interpolation": "LINEAR",
          "output": 29
        },
        {
          "input": 30,
          "interpolation": "LINEAR",
          "output": 31
        },
        {
          "input": 7,
          "interpolation": "LINEAR",
          "output": 32
        },
        {
          "input": 7,
          "interpolation": "LINEAR",
          "output": 33
        },
        {
          "input": 34,
          "interpolation": "LINEAR",
          "output": 35
        }
      ]
    }
  ],
  "asset": {
    "generator": "ClayGL - fbx2gltf",
    "version": "2.0"
  },
  "bufferViews": [
    {
      "buffer": 0,
      "byteLength": 158480,
      "byteOffset": 0,
      "target": 34962
    },
    {
      "buffer": 0,
      "byteLength": 1408,
      "byteOffset": 158480,
      "target": 34962
    },
    {
      "buffer": 0,
      "byteLength": 17788,
      "byteOffset": 159888,
      "target": 34962
    },
    {
      "buffer": 0,
      "byteLength": 17622,
      "byteOffset": 177676,
      "target": 34963
    }
  ],
  "buffers": [
    {
      "byteLength": 195298,
      "uri": "HeadShake.bin"
    }
  ],
  "materials": [
    {
      "name": "DEFAULT_MAT_0",
      "emissiveFactor": [
        0,
        0,
        0
      ],
      "alphaMode": "OPAQUE",
      "pbrMetallicRoughness": {
        "baseColorFactor": [
          0.8,
          0.8,
          0.8,
          1
        ],
        "metallicFactor": 0,
        "roughnessFactor": 1
      }
    }
  ],
  "meshes": [
    {
      "name": "Charactermesh",
      "primitives": [
        {
          "attributes": {
            "JOINTS_0": 3,
            "NORMAL": 1,
            "POSITION": 0,
            "TEXCOORD_0": 2,
            "WEIGHTS_0": 4
          },
          "indices": 5,
          "material": 0
        }
      ]
    }
  ],
  "nodes": [
    {
      "matrix": [
        1,
        0,
        0,
        0,
        0,
        1,
        0,
        0,
        0,
        0,
        1,
        0,
        0,
        0,
        0,
        1
      ],
      "mesh": 0,
      "name": "Character",
      "skin": 0
    },
    {
      "children": [
        2,
        16,
        21
      ],
      "matrix": [
        0.9943687358613751,
        -0.047663242341543954,
        0.0946521656959959,
        0,
        0.05355281811434612,
        0.9967190621937182,
        -0.06068942850024925,
        0,
        -0.09144896288894026,
        0.06541656051158877,
        0.9936587748303594,
        0,
        -0.009311588481068611,
        1.1268287897109985,
        0.020061621442437172,
        1
      ],
      "name": "mixamorig:Hips"
    },
    {
      "children": [
        3
      ],
      "matrix": [
        0.9989969446855653,
        0.03731394215273249,
        -0.024754277002733083,
        0,
        -0.03835038819304691,
        0.9983470368581695,
        -0.042807028884933235,
        0,
        0.02311606009570215,
        0.04371342719960807,
        0.9987766437237691,
        0,
        0,
        0.14596092700958274,
        -0.014907449483871474,
        1
      ],
      "name": "mixamorig:Spine"
    },
    {
      "children": [
        4
      ],
      "matrix": [
        0.9996126084679968,
        0.027722054681583078,
        -0.002474000007735233,
        0,
        -0.02766648596979376,
        0.9994128151133113,
        0.020213622668134368,
        0,
        0.0030329104652399297,
        -0.02013734519537831,
        0.9997926228886628,
        0,
        0,
        0.17117345333099387,
        0,
        1
      ],
      "name": "mixamorig:Spine1"
    },
    {
      "children": [
        5,
        8,
        12
      ],
      "matrix": [
        0.9996120334648391,
        0.027711996045744685,
        -0.0027978254859532606,
        0,
        -0.02765138473047206,
        0.9994220387450392,
        0.01977345172692213,
        0,
        0.0033441702672914395,
        -0.019688416540446618,
        0.999800571503814,
        0,
        0,
        0.19562704861164093,
        4.163336342344337e-17,
        1
      ],
      "name": "mixamorig:Spine2"
    },
    {
      "children": [
        6
      ],
      "matrix": [
        0.9999675470395519,
        0.007506000779701372,
        0.0029265713722319286,
        0,
        -0.007937762469366415,
        0.9800422691496997,
        0.19863066884770716,
        0,
        -0.001377241693227227,
        -0.19864745312286958,
        0.9800700447279856,
        0,
        0,
        0.2200801521539688,
        -6.869423710420541e-9,
        1
      ],
      "name": "mixamorig:Neck"
    },
    {
      "children": [
        7
      ],
      "matrix": [
        0.9997107760177729,
        -0.004558409227948975,
        -0.023613242455301324,
        0,
        0.0014103150774765138,
        0.9912944962857457,
        -0.1316557353288189,
        0,
        0.02400781800423641,
        0.13158435522090126,
        0.9910142189372335,
        0,
        -1.3877787807814457e-17,
        0.16799998283386208,
        0.009017303586006165,
        1
      ],
      "name": "mixamorig:Head"
    },
    {
      "matrix": [
        1.0000000000000002,
        6.627185779317646e-18,
        -1.3877787807814457e-17,
        0,
        2.5898879395247487e-17,
        1.0000000000000002,
        0,
        0,
        -1.3877787807814457e-17,
        4.336808689942018e-19,
        1.0000000000000002,
        0,
        1.3877787807814457e-17,
        1.066468477249145,
        0.05724208429455758,
        1
      ],
      "name": "mixamorig:HeadTop_End"
    },
    {
      "children": [
        9
      ],
      "matrix": [
        0.27549252284218423,
        0.01619871253138995,
        -0.9611667241276992,
        0,
        0.8185231744043835,
        -0.5282776915261447,
        0.22570443858900807,
        0,
        -0.5041068168761661,
        -0.8489171233684311,
        -0.15879557560224017,
        0,
        0.09126447141170499,
        0.18834078311920166,
        -0.0004630610637832433,
        1
      ],
      "name": "mixamorig:LeftShoulder"
    },
    {
      "children": [
        10
      ],
      "matrix": [
        0.96176730407573,
        0.1934716601154034,
        -0.1938359346021591,
        0,
        0.04187910100515138,
        0.5955506018391308,
        0.8022254181637793,
        0,
        0.2706469909492866,
        -0.7796718523720338,
        0.5646786775758919,
        0,
        -1.214306433183765e-17,
        0.1921594738960265,
        -2.220446049250313e-16,
        1
      ],
      "name": "mixamorig:LeftArm"
    },
    {
      "children": [
        11
      ],
      "matrix": [
        0.99967969411584,
        0.025306481918414288,
        0.00030190291958087645,
        0,
        -0.025307222283212534,
        0.9996758797399132,
        0.0027712752549542627,
        0,
        -0.00023167383959760146,
        -0.0027780279234772866,
        0.9999961144364953,
        0,
        -2.7755575615628914e-17,
        0.32718896865844704,
        2.220446049250313e-16,
        1
      ],
      "name": "mixamorig:LeftForeArm"
    },
    {
      "matrix": [
        1,
        -2.0816681711721685e-17,
        5.551115123125783e-17,
        0,
        2.0816681711721685e-17,
        1,
        -2.7755575615628914e-17,
        0,
        -1.6653345369377348e-16,
        0,
        1.0000000000000002,
        0,
        0,
        0.37654364109039284,
        5.551115123125783e-17,
        1
      ],
      "name": "mixamorig:LeftHand"
    },
    {
      "children": [
        13
      ],
      "matrix": [
        0.17913866380625187,
        -0.03692366732879979,
        0.9831307043932165,
        0,
        -0.8229212597961353,
        -0.5532779657626884,
        0.12916691827648383,
        0,
        0.5391752398851909,
        -0.8321779469515476,
        -0.12949874633467842,
        0,
        -0.09126447141170502,
        0.18890249729156494,
        -0.0059628672897815704,
        1
      ],
      "name": "mixamorig:RightShoulder"
    },
    {
      "children": [
        14
      ],
      "matrix": [
        0.8713488337266944,
        -0.33313119904829397,
        0.3602427156567852,
        0,
        -0.024236091221781553,
        0.7040766072236289,
        0.709710323331114,
        0,
        -0.4900651200049023,
        -0.6271361378370007,
        0.6054225324296004,
        0,
        -2.0816681711721685e-17,
        0.19215945899486542,
        -2.220446049250313e-16,
        1
      ],
      "name": "mixamorig:RightArm"
    },
    {
      "children": [
        15
      ],
      "matrix": [
        0.9932723222444435,
        -0.11568271126909314,
        -0.005253967697070205,
        0,
        0.11574566851707185,
        0.9931816344808734,
        0.01389896217123196,
        0,
        0.00361027459709079,
        -0.01441357843607162,
        0.9998896012430576,
        0,
        0,
        0.32621556520462014,
        5.551115123125783e-17,
        1
      ],
      "name": "mixamorig:RightForeArm"
    },
    {
      "matrix": [
        1,
        -1.3877787807814457e-17,
        0,
        0,
        0,
        0.9999999999999998,
        -1.3877787807814457e-17,
        0,
        1.1102230246251565e-16,
        0,
        0.9999999999999998,
        0,
        -2.7755575615628914e-17,
        0.37654754519462585,
        -1.1102230246251565e-16,
        1
      ],
      "name": "mixamorig:RightHand"
    },
    {
      "children": [
        17
      ],
      "matrix": [
        -0.9465758733067737,
        -0.1911172891939588,
        0.2597466031436615,
        0,
        0.22452641784439714,
        -0.9687470595632096,
        0.10543729073529194,
        0,
        0.23147786884166974,
        0.15812436990795567,
        0.959903474250266,
        0,
        0.14006437361240393,
        -0.08018374443054221,
        -0.020978547632694258,
        1
      ],
      "name": "mixamorig:LeftUpLeg"
    },
    {
      "children": [
        18
      ],
      "matrix": [
        0.9994317419294484,
        0.013501808977062005,
        0.03088518055987144,
        0,
        -0.0025796501813127974,
        0.9442215462205584,
        -0.32930080026899416,
        0,
        -0.03360860944476865,
        0.32903399946997086,
        0.9437198146505051,
        0,
        5.551115123125783e-17,
        0.392966866493225,
        5.551115123125783e-17,
        1
      ],
      "name": "mixamorig:LeftLeg"
    },
    {
      "children": [
        19
      ],
      "matrix": [
        0.9975866957131074,
        -0.06920688450692808,
        0.00558495058603814,
        0,
        0.042615173113334334,
        0.673808868079004,
        0.7376757799457775,
        0,
        -0.05481543173892103,
        -0.735657540187644,
        0.6751320256130202,
        0,
        0,
        0.2755584716796874,
        0,
        1
      ],
      "name": "mixamorig:LeftFoot"
    },
    {
      "children": [
        20
      ],
      "matrix": [
        0.9970198883444309,
        0.011518893261575652,
        -0.0762801241719466,
        0,
        0.05564347524843877,
        0.5774962543843349,
        0.814494861760552,
        0,
        0.05343356536799278,
        -0.8163120673309276,
        0.5751342998135069,
        0,
        2.7755575615628914e-17,
        0.5121996998786927,
        0,
        1
      ],
      "name": "mixamorig:LeftToeBase"
    },
    {
      "matrix": [
        1,
        2.7755575615628914e-17,
        1.5612511283791264e-17,
        0,
        2.7755575615628914e-17,
        1,
        0,
        0,
        0,
        0,
        1.0000000000000002,
        0,
        2.7755575615628914e-17,
        0.15778347849845892,
        1.3877787807814457e-17,
        1
      ],
      "name": "mixamorig:LeftToe_End"
    },
    {
      "children": [
        22
      ],
      "matrix": [
        -0.9862285428069448,
        -0.031580617626015786,
        -0.16234508290444155,
        0,
        0.05215860007682644,
        -0.9908978263500692,
        -0.12410067756758543,
        0,
        -0.15694821372324158,
        -0.13085932265248632,
        0.9788989201567329,
        0,
        -0.14006437361240393,
        -0.08018374443054177,
        -0.02945416420698166,
        1
      ],
      "name": "mixamorig:RightUpLeg"
    },
    {
      "children": [
        23
      ],
      "matrix": [
        0.9838778040784775,
        0.019136174234206396,
        -0.1778152790886971,
        0,
        -0.025451485219219725,
        0.9991211775937816,
        -0.0333030686836971,
        0,
        0.17702171771240124,
        0.03729181303306805,
        0.9835001942749468,
        0,
        -5.551115123125783e-17,
        0.3916114866733551,
        1.3877787807814457e-17,
        1
      ],
      "name": "mixamorig:RightLeg"
    },
    {
      "children": [
        24
      ],
      "matrix": [
        0.9972764746149481,
        -0.06911385926827308,
        -0.025746992768595767,
        0,
        0.06697505619454994,
        0.7024487510741115,
        0.7085761031548814,
        0,
        -0.03088648616009354,
        -0.7083706844382163,
        0.705164518677178,
        0,
        1.1102230246251565e-16,
        0.2749016880989073,
        0,
        1
      ],
      "name": "mixamorig:RightFoot"
    },
    {
      "children": [
        25
      ],
      "matrix": [
        0.9971442357697535,
        -0.016670877740090184,
        0.07365768735527889,
        0,
        -0.05372212268192511,
        0.5289129653913884,
        0.8469740306381502,
        0,
        -0.05307830635675238,
        -0.848512319814075,
        0.5265069197247421,
        0,
        -2.7755575615628914e-17,
        0.5045897960662841,
        -1.1102230246251565e-16,
        1
      ],
      "name": "mixamorig:RightToeBase"
    },
    {
      "matrix": [
        1.0000000000000002,
        0,
        6.938893903907228e-18,
        0,
        -5.551115123125783e-17,
        1,
        6.938893903907228e-17,
        0,
        -3.122502256758253e-17,
        2.7755575615628914e-17,
        1.0000000000000002,
        0,
        -5.551115123125783e-17,
        0.15503916144371033,
        0,
        1
      ],
      "name": "mixamorig:RightToe_End"
    }
  ],
  "scene": 0,
  "scenes": [
    {
      "nodes": [
        0,
        1
      ]
    }
  ],
  "skins": [
    {
      "inverseBindMatrices": 6,
      "joints": [
        8,
        4,
        9,
        10,
        11,
        1,
        2,
        3,
        12,
        13,
        21,
        5,
        16,
        6,
        14,
        15,
        22,
        23,
        24,
        17,
        18,
        19
      ]
    }
  ],
  "extras": {
    "clayViewerConfig": {
      "preZ": true,
      "materials": [
        {
          "name": "DEFAULT_MAT_0",
          "transparent": false,
          "color": "#cccccc",
          "emission": "#000000",
          "alpha": 1,
          "alphaCutoff": 0,
          "emissionIntensity": 1,
          "uvRepeat": {
            "0": 1,
            "1": 1
          },
          "parallaxOcclusionScale": 0.02,
          "diffuseMap": "",
          "normalMap": "",
          "parallaxOcclusionMap": "",
          "emissiveMap": "",
          "metalness": 0,
          "roughness": 1,
          "metalnessMap": "",
          "roughnessMap": "",
          "type": "pbrMetallicRoughness",
          "targetMeshes": [
            "Character",
            "Character"
          ]
        }
      ],
      "takes": [],
      "textureFlipY": false,
      "zUpToYUp": false,
      "shadow": true,
      "environment": "auto",
      "viewControl": {
        "center": [
          1.174740207039452,
          0.46802866813139454,
          2.509836180514267
        ],
        "alpha": -2.8663035333602127,
        "beta": 357.2239262084396,
        "distance": 18
      },
      "ground": {
        "show": true,
        "grid": false
      },
      "mainLight": {
        "shadow": true,
        "shadowQuality": "medium",
        "intensity": 0.8,
        "color": "#fff",
        "alpha": 45,
        "beta": 45,
        "$padAngle": [
          0.25,
          0.5
        ]
      },
      "secondaryLight": {
        "shadow": true,
        "shadowQuality": "medium",
        "intensity": 0,
        "color": "#fff",
        "alpha": 60,
        "beta": -50,
        "$padAngle": [
          -0.2777777777777778,
          0.6666666666666666
        ]
      },
      "tertiaryLight": {
        "shadow": true,
        "shadowQuality": "medium",
        "intensity": 0,
        "color": "#fff",
        "alpha": 89,
        "beta": 0,
        "$padAngle": [
          0,
          0.9888888888888889
        ]
      },
      "ambientLight": {
        "intensity": 0,
        "color": "#fff"
      },
      "ambientCubemapLight": {
        "texture": "./asset/texture/pisa.hdr",
        "$texture": "pisa",
        "$textureOptions": [
          "pisa",
          "Barce_Rooftop_C",
          "Factory_Catwalk",
          "Grand_Canyon_C",
          "Ice_Lake",
          "Hall",
          "Old_Industrial_Hall"
        ],
        "exposure": 3,
        "diffuseIntensity": 0.3,
        "specularIntensity": 0.5
      },
      "postEffect": {
        "enable": true,
        "bloom": {
          "enable": true,
          "intensity": 0.1
        },
        "depthOfField": {
          "enable": false,
          "focalDistance": 4,
          "focalRange": 1,
          "blurRadius": 5,
          "fstop": 10,
          "quality": "medium",
          "$qualityOptions": [
            "low",
            "medium",
            "high",
            "ultra"
          ]
        },
        "screenSpaceAmbientOcclusion": {
          "enable": false,
          "radius": 1.5,
          "quality": "medium",
          "intensity": 1,
          "$qualityOptions": [
            "low",
            "medium",
            "high",
            "ultra"
          ]
        },
        "screenSpaceReflection": {
          "enable": false,
          "physical": false,
          "quality": "medium",
          "maxRoughness": 0.8,
          "$qualityOptions": [
            "low",
            "medium",
            "high",
            "ultra"
          ]
        },
        "colorCorrection": {
          "enable": true,
          "exposure": 0,
          "brightness": 0,
          "contrast": 1,
          "saturation": 1,
          "lookupTexture": ""
        },
        "FXAA": {
          "enable": false
        }
      }
    }
  },
  "extensionsUsed": [
    "KHR_materials_pbrSpecularGlossiness"
  ]
}